time flux flux_rms
4491.36 63.5715 0.3271
4491.38 64.0156 0.2140
4491.40 63.3851 0.5140
4491.42 63.4426 0.1189
4497.40 64.8704 0.4837
4497.42 64.4849 0.3598
4497.44 64.5161 0.0872
4501.34 65.7422 0.0525
4501.36 65.7140 0.0401
4501.38 65.6800 0.0699
4501.40 65.7304 0.0713
4501.42 65.8373 0.0444
4501.44 66.1058 0.0777
4501.46 66.1240 0.0579
4501.48 66.1079 0.1367
4502.34 66.4699 0.0534
4502.36 66.3704 0.0634
4502.38 66.2137 0.0871
4502.40 66.5316 0.0590
4502.44 66.9471 0.0735
4502.46 67.0216 0.0871
4502.48 67.0889 0.0920
4503.46 66.6898 0.1416
4503.48 67.0284 0.1127
4516.34 66.2618 0.1193
4516.36 65.8026 0.2611
4516.38 66.3119 0.1446
4516.40 65.8770 0.0429
4743.58 67.1045 0.0914
4743.62 67.2119 0.1390
4744.48 66.3405 0.2845
4744.50 66.7865 0.1381
4744.54 67.0872 0.2159
4744.56 66.8111 0.0795
4744.58 67.1604 0.1126
4746.62 64.6150 0.4595
4746.64 64.8253 0.3362
4749.48 65.8139 0.1388
4749.52 66.0150 0.1402
4749.54 65.9602 0.1317
4749.56 66.0737 0.0882
4749.58 66.4115 0.0505
4749.60 66.1345 0.1394
4749.62 66.4171 0.0901
4750.46 66.3220 0.2509
4750.48 66.6546 0.1279
4750.52 66.9296 0.1856
4750.54 67.2585 0.1108
4750.56 67.1049 0.1047
4750.58 67.4693 0.1124
4750.62 67.3959 0.0909
4751.46 67.5344 0.1901
4751.48 67.3788 0.1583
4751.50 67.6839 0.1785
4751.52 67.4840 0.1051
4751.54 67.2323 0.1810
4751.56 67.4184 0.1304
4751.58 67.6768 0.0967
4751.60 67.5807 0.1961
4751.62 67.5697 0.0539
4752.46 66.4325 0.1759
4752.48 66.7292 0.1072
4752.50 66.2557 0.2099
4752.52 66.5395 0.0807
4752.54 66.3798 0.1071
4752.56 66.7580 0.0928
4752.58 66.7986 0.0866
4752.60 66.7165 0.0914
4752.62 66.8820 0.0763
4752.64 66.7420 0.1943
4752.66 66.1748 0.1201
4752.68 66.0077 0.1494
4752.70 66.0961 0.0904
4752.72 66.0820 0.1251
4753.46 65.7985 0.2453
4753.58 66.3368 0.4070
4753.60 66.4143 0.1534
4753.62 66.7648 0.1759
4753.64 66.3664 0.1102
4753.66 66.2663 0.1419
4753.68 66.2581 0.1495
4753.70 66.3346 0.1258
4753.72 66.1119 0.0968
4754.58 67.2420 0.3670
4754.60 66.7777 0.1330
4754.62 66.4497 0.1038
4754.64 66.3524 0.1792
4754.66 66.2151 0.1204
4754.68 66.0426 0.0751
4754.70 66.1221 0.1033
4754.72 65.8037 0.1306
4755.60 65.8517 0.0991
4755.62 65.9075 0.0688
4755.64 65.7322 0.0774
4755.66 65.6253 0.0703
4757.46 67.1539 0.1499
4757.50 67.0059 0.1044
4757.52 67.2702 0.1503
4757.56 67.1290 0.1050
4757.60 67.4513 0.0855
4757.62 67.5189 0.2460
4758.44 67.4843 0.1259
4758.46 67.8603 0.3427
4758.50 67.2328 0.3735
4758.52 66.8031 0.1424
4758.54 67.2316 0.1359
4758.56 66.9738 0.1200
4758.58 67.1244 0.1420
4758.60 66.9328 0.1624
4758.62 67.2600 0.1664
4759.52 67.7159 0.5754
4759.58 66.1072 0.1549
4759.60 65.8020 0.1296
4759.62 66.1962 0.2880
4760.58 67.3579 0.2146
4760.60 67.4458 0.1320
4760.62 67.5875 0.0937
4760.64 67.4023 0.0914
4760.66 67.7177 0.0874
4760.68 67.4826 0.0843
4760.70 67.4260 0.0717
4760.72 67.4991 0.0687
4760.74 67.4642 0.0552
4760.76 67.3617 0.0395
4763.48 68.3454 0.2012
4763.50 68.2238 0.1796
4763.52 68.3366 0.1041
4763.54 68.4076 0.1451
4763.56 68.1973 0.1600
4763.58 68.3213 0.1506
4763.60 68.2763 0.1442
4763.62 68.3018 0.1322
4763.64 67.9412 0.0650
4763.66 67.7677 0.0914
4763.68 68.1716 0.1449
4763.70 67.7197 0.1856
4764.44 67.6510 0.1880
4764.56 68.6169 0.2840
4764.58 67.8976 0.1827
4764.60 68.1343 0.1620
4764.62 67.6622 0.1512
4764.64 67.7640 0.1324
4764.66 67.7079 0.1327
4764.68 67.6073 0.0941
4764.70 67.8026 0.1108
4764.72 67.6582 0.0824
4764.74 67.3193 0.0971
4764.76 67.7135 0.0881
4764.78 67.6402 0.0851
4765.48 68.9605 0.2820
4765.50 68.5621 0.2608
4765.54 68.7604 0.0524
4765.56 68.4836 0.1573
4765.58 68.8921 0.3552
4765.60 67.9058 0.0905
4765.62 67.9485 0.1999
4766.42 66.7964 0.2855
4766.46 67.8184 0.0993
4766.48 68.0339 0.1045
4766.50 68.4621 0.0506
4766.52 68.5991 0.0813
4766.62 70.6429 0.4163
4767.56 67.6928 0.1418
4767.58 67.4084 0.1382
4767.60 67.7879 0.1118
4767.62 67.3093 0.0888
4767.64 67.5467 0.0809
4768.42 66.7281 0.2105
4768.46 66.4108 0.2049
4768.48 66.5382 0.0726
4768.50 66.6088 0.1857
4768.54 66.4916 0.2020
4768.56 66.8367 0.2035
4768.58 66.4182 0.1839
4768.60 67.2858 0.1207
4769.52 65.4744 0.0505
4769.54 64.7028 0.2267
4769.56 63.9800 0.2477
4769.58 64.1088 0.1652
4769.60 63.6683 0.2056
4769.62 63.0572 0.1088
4770.42 64.7986 0.2934
4770.46 64.8444 0.0845
4770.48 64.9201 0.0891
4770.50 65.1565 0.0986
4770.52 64.9353 0.1122
4770.54 65.1151 0.1005
4770.56 65.3251 0.0880
4770.58 65.1598 0.0613
4770.60 65.1995 0.0670
4770.62 65.2370 0.1172
4771.40 65.5181 0.2048
4771.42 65.7238 0.2265
4771.46 65.6767 0.1075
4771.48 65.5154 0.1775
4772.40 64.5789 0.2391
4772.42 64.9790 0.1734
4774.40 62.3882 0.0962
4774.46 61.7587 0.1156
4774.48 61.6545 0.1039
4774.50 61.4134 0.1164
4775.46 59.5319 0.2865
4775.48 58.9793 0.1429
4775.50 59.0600 0.1080
4775.52 58.9520 0.1299
4775.54 59.9954 0.4290
4775.56 59.0245 0.0824
4775.60 58.9198 0.0636
4777.54 47.4064 0.1794
4777.56 47.3626 0.0831
4777.58 47.9520 0.1174
4777.60 48.5982 0.1420
4777.62 49.2863 0.0812
4777.64 50.3924 0.1345
4777.66 51.2855 0.1005
4777.68 52.4458 0.1346
4777.70 53.2556 0.1004
4777.72 54.5508 0.1043
4777.74 55.3726 0.2198
4778.44 55.4138 0.1715
4779.38 53.2591 0.1937
4779.40 53.2355 0.1615
4779.44 53.1647 0.1488
4779.46 52.8190 0.0757
4779.48 53.1928 0.0779
4780.38 52.2449 0.1653
4780.40 52.1001 0.2528
4780.42 52.3141 0.1522
4780.44 52.7507 0.1995
4780.46 52.5702 0.1537
4780.48 52.5444 0.0890
4780.50 52.5831 0.0771
4780.52 52.4804 0.1513
4780.54 52.6873 0.0784
4780.56 52.7365 0.0849
4780.58 52.7671 0.0884
4780.60 52.8216 0.0687
4786.36 55.9869 0.2166
4786.38 56.2354 0.1892
4786.42 56.9605 0.2852
4786.44 57.5925 0.1042
4786.46 57.5137 0.2678
4786.48 58.4902 0.1741
4786.50 58.1321 0.0891
4786.52 58.8825 0.0972
4786.54 58.9608 0.1774
4786.56 59.3192 0.1715
4787.36 60.0749 0.2449
4787.38 59.8711 0.1877
4787.42 59.8073 0.1764
4787.44 60.1389 0.0744
4787.46 60.0871 0.0895
4787.48 60.0091 0.1353
4787.50 60.0197 0.1245
4787.52 60.1823 0.0882
4787.54 60.0103 0.1133
4787.56 59.9351 0.1169
4787.58 59.9815 0.1026
4787.60 60.0647 0.1123
4787.62 59.8253 0.0800
4787.64 59.7649 0.0890
4787.66 59.7181 0.0795
4787.68 59.6863 0.0589
4787.70 59.7724 0.0658
4787.72 59.9377 0.1506
4788.48 62.3649 0.1055
4788.52 61.7236 0.0540
4788.54 61.5217 0.0507
4788.56 61.3665 0.1439
4788.58 61.5775 0.0918
4788.60 61.5937 0.0844
4788.62 61.6351 0.0652
4788.64 61.6679 0.0760
4788.66 61.6444 0.1000
4788.68 61.4478 0.0659
4788.70 61.6631 0.0460
4788.72 61.4839 0.0978
4789.36 64.4497 0.1412
4789.38 64.1624 0.2053
4789.42 63.6694 0.0778
4789.44 63.6020 0.1565
4789.46 63.5594 0.0761
4789.50 63.6708 0.2382
4789.52 63.4901 0.0990
4789.54 63.4349 0.1314
4789.56 63.7379 0.1021
4789.58 63.6320 0.1700
4789.60 63.7785 0.0750
4789.62 63.6347 0.1416
4789.64 63.6372 0.0707
4789.66 63.5842 0.0737
4789.68 63.5643 0.1102
4789.70 63.7564 0.2189
4790.36 64.0649 0.1195
4790.38 64.4392 0.2596
4790.40 64.3604 0.1184
4790.42 64.0687 0.1049
4790.44 64.0754 0.1047
4790.46 63.9777 0.1130
4790.48 64.1268 0.0940
4790.50 64.4906 0.1078
4790.52 64.2762 0.1141
4790.54 64.4665 0.0759
4790.56 64.7741 0.0847
4790.58 64.3858 0.1121
4790.60 64.4981 0.1284
4792.34 66.3897 0.2476
4792.36 66.4350 0.1744
4792.40 65.8720 0.1546
4792.42 66.1942 0.2035
4792.44 66.1480 0.1510
4792.46 66.1172 0.2878
4792.48 65.9432 0.1528
4792.50 66.5190 0.1449
4792.52 66.0918 0.1117
4792.54 66.4529 0.1272
4792.56 66.6828 0.1917
4792.58 66.6969 0.0937
4792.60 66.4371 0.1008
4794.36 66.8687 0.2033
4794.38 66.1334 0.1694
4794.40 65.9336 0.1340
4794.42 65.8766 0.1127
4794.44 66.1480 0.0804
4794.46 66.2076 0.1177
4794.48 65.9746 0.0615
4794.52 65.7177 0.1315
4794.54 66.0644 0.1340
4794.56 65.8841 0.1159
4794.58 65.8886 0.1159
4794.60 66.0457 0.1362
4794.62 65.4958 0.0653
4794.64 65.2937 0.0413
4794.66 65.3217 0.1023
4794.68 65.4264 0.1253
4794.70 65.5880 0.1363
4795.34 65.5702 0.2734
4795.36 65.2016 0.2252
4795.38 64.8666 0.3225
4795.40 65.5039 0.0724
4795.42 65.3518 0.1550
4795.44 65.4956 0.0906
4795.46 65.4734 0.0636
4795.48 65.6059 0.1146
4795.50 65.7046 0.0625
4795.52 65.6633 0.0560
4795.54 65.6695 0.0834
4795.56 65.8161 0.1471
4795.58 65.6116 0.1005
4795.60 65.7258 0.0990
4796.34 65.6716 0.1393
4796.36 65.6915 0.1369
4796.40 65.4121 0.0455
4796.42 65.3620 0.1333
4796.44 65.5243 0.1110
4796.46 65.5592 0.1089
4796.48 65.5587 0.0922
4796.50 65.2553 0.1403
4796.52 65.6297 0.1479
4796.54 65.9116 0.1057
4796.56 65.6554 0.1397
4796.58 65.4982 0.0858
4796.60 65.3818 0.0829
4798.32 64.9050 0.1903
4798.34 65.0626 0.3216
4798.36 64.6646 0.1198
4798.38 65.2510 0.1551
4798.40 64.7979 0.1085
4798.42 64.8407 0.0892
4798.44 65.0630 0.0595
4798.46 65.0354 0.1286
4798.48 65.1402 0.1127
4798.50 65.0836 0.0779
4798.52 65.0791 0.0981
4798.54 65.3218 0.0949
4798.56 65.1124 0.1380
4798.58 65.0490 0.1131
4798.60 65.1392 0.1273
4799.32 65.0151 0.1827
4799.34 65.6156 0.2240
4799.36 66.1984 0.2148
4799.38 65.8420 0.1129
4799.40 65.7756 0.1652
4799.42 65.8571 0.1441
4799.44 65.8425 0.0768
4799.46 65.9660 0.0774
4799.48 65.8560 0.0619
4799.50 65.8744 0.0882
4799.52 66.0067 0.1138
4799.54 66.0136 0.1180
4799.56 66.0350 0.0591
4799.58 65.6489 0.0879
4799.60 65.7810 0.1032
4800.46 66.2727 0.1899
4800.48 66.3484 0.1272
4800.50 66.4892 0.1123
4800.52 66.4161 0.0479
4800.54 66.3591 0.0990
4800.56 66.4535 0.0897
4800.58 66.1705 0.0680
4800.60 66.3435 0.0646
4800.62 66.2191 0.0972
4800.64 66.0259 0.0580
4800.66 66.1130 0.0952
4800.68 66.3499 0.0639
4801.32 67.4617 0.3272
4801.34 67.4732 0.2330
4801.38 67.2879 0.2559
4801.40 67.4766 0.1920
4801.42 67.2935 0.0900
4801.44 67.0961 0.1348
4801.46 67.1045 0.1146
4801.48 67.0484 0.1431
4801.50 67.1699 0.1250
4801.52 66.8176 0.0921
4801.54 66.9174 0.0998
4801.56 67.0698 0.1842
4801.58 67.1152 0.1750
4801.60 66.9017 0.1575
4802.32 66.4580 0.2756
4802.34 65.8442 0.1614
4802.38 66.2138 0.1925
4802.52 66.7828 0.1157
4802.54 66.4585 0.1891
4802.56 67.3969 0.2896
4802.58 66.6125 0.0907
4802.60 66.4414 0.1117
4802.62 66.2184 0.0577
4802.64 66.2100 0.0675
4802.66 66.1587 0.0960
4804.32 65.7514 0.1647
4804.34 66.4354 0.1765
4804.36 66.0232 0.2536
4804.38 66.3623 0.1670
4804.40 67.2698 0.1104
4804.42 66.2076 0.1893
4804.44 66.6784 0.0800
4804.46 66.0680 0.2160
4804.48 65.9313 0.1676
4804.50 66.0495 0.0681
4804.52 65.9670 0.0965
4804.54 65.9282 0.0671
4804.56 65.6412 0.1080
4804.58 65.6113 0.1739
4804.60 65.7058 0.1173
4804.62 65.6734 0.1514
4804.64 65.6178 0.0751
4804.66 65.5966 0.0952
4805.32 66.5599 0.2335
4805.40 66.2714 0.6851
4805.42 66.7844 0.1241
4805.44 66.6930 0.2214
4805.46 66.5162 0.1863
4805.48 66.7084 0.1497
4805.50 66.7223 0.1507
4805.52 66.6558 0.1392
4805.54 66.6494 0.1453
4805.56 66.4922 0.2210
4805.58 66.3920 0.1207
4805.60 66.0424 0.0941
4805.62 66.1527 0.0788
4805.64 66.0979 0.1156
4805.66 66.2291 0.1527
4806.32 67.0621 0.2310
4806.34 67.3616 0.1478
4806.36 67.0595 0.1866
4806.38 67.1747 0.1888
4806.40 66.9356 0.1753
4806.42 67.4317 0.1329
4806.50 66.7942 0.1338
4806.52 66.8226 0.1230
4806.54 66.8137 0.0732
4807.30 66.6612 0.7007
4807.32 66.0127 0.2360
4807.34 66.3533 0.2767
4807.36 65.6726 0.1820
4807.38 66.1106 0.1911
4807.40 66.1692 0.0839
4807.42 65.8666 0.1978
4807.44 65.7498 0.1275
4807.46 66.1276 0.1764
4807.48 66.1625 0.1087
4807.50 66.1773 0.1255
4807.52 66.1989 0.1677
4807.54 66.1544 0.1314
4807.56 66.3049 0.1644
4807.58 66.2051 0.1279
4808.38 63.9019 0.2995
4808.40 65.9835 0.5584
4808.54 65.2793 0.0820
4808.56 65.3562 0.0772
4808.58 65.2610 0.1115
4808.60 65.2254 0.0939
4808.62 65.1675 0.0990
4808.64 65.3317 0.0760
4808.66 65.1930 0.1926
4809.40 66.2755 0.2041
4809.42 66.1372 0.1527
4809.44 65.4683 0.1224
4809.46 65.8341 0.1842
4809.48 65.6842 0.1218
4809.50 65.8654 0.1381
4809.52 65.5680 0.1777
4809.54 65.4324 0.1252
4809.56 65.5733 0.1741
4809.58 65.4989 0.2528
4809.60 65.6236 0.1748
4809.62 65.1871 0.2356
4809.64 65.7008 0.1950
4809.66 66.5709 0.3481
4811.30 66.3357 0.1459
4811.32 66.1264 0.1954
4811.34 66.0935 0.2813
4811.36 66.0233 0.1446
4811.38 65.9819 0.1578
4811.40 66.4820 0.1259
4811.42 66.3021 0.1255
4811.44 66.1743 0.1383
4811.46 66.2834 0.0928
4811.48 66.2076 0.1021
4811.50 66.2869 0.0983
4811.52 66.0806 0.0977
4811.54 65.8495 0.1444
4811.56 66.0797 0.1715
4814.30 67.7772 0.1606
4814.32 67.4504 0.3998
4814.36 67.0180 0.1860
4814.38 66.7812 0.1638
4814.40 66.8393 0.1447
4814.42 66.5941 0.1038
4814.44 66.6308 0.1842
4814.46 66.4038 0.1835
4814.48 66.2618 0.1422
4814.50 66.4366 0.1175
4814.52 66.4973 0.1129
4814.54 66.0333 0.1938
4814.56 66.4464 0.1493
4815.30 65.3340 0.1680
4815.32 65.0859 0.2241
4815.34 64.9138 0.1318
4815.36 64.6810 0.1210
4815.38 64.5647 0.1565
4815.40 64.7409 0.1482
4815.42 64.6559 0.1161
4815.44 64.4810 0.1296
4815.48 64.3185 0.1415
4815.50 63.9949 0.0872
4815.52 64.2512 0.2722
4816.30 67.0246 0.1978
4816.34 66.4055 0.1462
4816.36 66.3825 0.1421
4816.38 66.0826 0.1129
4816.40 66.3685 0.0755
4816.42 66.2543 0.0935
4816.44 66.3127 0.1313
4816.46 66.5064 0.0902
4816.48 66.5702 0.1176
4816.50 66.4129 0.1175
4816.52 66.1281 0.1468
4816.54 66.2652 0.1027
4816.56 66.2268 0.0859
4817.30 66.7407 0.1627
4817.32 66.8412 0.1180
4817.34 66.4419 0.1785
4817.36 66.4101 0.0917
4817.38 66.3695 0.1281
4817.40 66.1707 0.0652
4817.42 66.3371 0.1435
4817.44 66.0878 0.0969
4817.46 65.9724 0.1139
4817.48 66.1011 0.0849
4817.50 66.1463 0.0963
4817.52 66.4127 0.0895
4817.54 66.1796 0.0864
4817.56 66.3374 0.1407
4817.58 66.2461 0.1599
4817.60 66.1101 0.0747
4817.62 66.1233 0.1033
4818.30 65.9564 0.2131
4818.32 65.7622 0.2180
4818.34 65.4608 0.0701
4818.42 65.1951 0.2335
4818.44 65.1410 0.1125
4818.46 65.2196 0.0815
4818.48 65.2371 0.0545
4818.50 65.2434 0.0895
4818.52 65.1438 0.0937
4818.54 65.1568 0.0804
4818.56 65.0880 0.0663
4818.58 65.0692 0.0821
4818.60 65.1471 0.0760
4818.62 64.9333 0.0546
4818.64 65.6376 0.4594
4819.40 67.6070 0.3313
4819.42 65.6951 0.1738
4819.48 65.8220 0.0470
4819.50 65.7284 0.1030
4819.52 65.8382 0.1044
4819.54 65.6763 0.0984
4819.56 65.6537 0.1214
4819.58 65.7131 0.0816
4819.60 65.7582 0.0674
4819.62 65.7689 0.1357
4820.30 66.1075 0.3755
4820.32 66.3947 0.0902
4820.34 66.0990 0.1179
4820.36 66.1165 0.1302
4820.38 66.1717 0.0862
4820.40 66.0242 0.1068
4820.42 65.7671 0.0896
4820.44 65.9839 0.0664
4820.46 66.0032 0.1244
4820.48 66.0581 0.1207
4820.50 66.0413 0.0894
4820.52 65.9922 0.0960
4820.54 65.8878 0.1057
4820.56 65.9496 0.1584
4821.30 66.6901 0.1981
4821.42 66.1044 0.1038
4821.44 66.2071 0.1008
4821.46 66.0838 0.1415
4821.48 66.2697 0.2506
4821.54 65.7562 0.1013
4821.56 66.0520 0.0699
4821.58 66.0510 0.0727
4821.60 65.9280 0.1529
4821.62 66.1358 0.1333
4822.32 66.6842 0.0988
4822.34 66.9965 0.0863
4822.36 66.6268 0.1226
4822.38 67.0432 0.1792
4822.40 66.9716 0.0530
4822.42 66.8454 0.0786
4822.44 66.8167 0.0809
4822.46 66.8605 0.1062
4822.48 66.8919 0.0935
4822.50 66.8983 0.0745
4822.52 66.7609 0.0768
4822.54 66.8198 0.1015
4822.56 66.6006 0.0901
4822.58 66.5561 0.0619
4822.60 66.7638 0.0684
4822.62 66.7370 0.1514
4824.30 67.4126 0.2041
4824.32 67.4269 0.3101
4824.48 67.4307 0.1655
4824.50 66.9677 0.1502
4825.30 67.3888 0.0222
4825.32 67.1998 0.0998
4825.34 66.9951 0.1184
4825.36 67.2104 0.0899
4825.38 66.9891 0.1309
4825.40 66.7735 0.1394
4825.42 66.8785 0.0779
4825.44 66.7296 0.0557
4825.46 66.9515 0.0629
4825.48 66.7686 0.0892
4825.50 66.7354 0.0701
4825.52 66.6904 0.0868
4825.54 66.7420 0.1726
4826.30 67.6981 0.1677
4826.32 67.8194 0.0879
4826.34 67.3247 0.0843
4826.36 67.4865 0.1228
4826.38 67.1180 0.0901
4826.40 66.7325 0.1319
4826.42 67.0166 0.0973
4826.44 66.9127 0.0780
4826.46 66.9187 0.0710
4826.48 66.8702 0.0804
4826.50 66.7810 0.0589
4826.52 66.5041 0.0640
4826.54 66.6618 0.0828
4826.56 66.5525 0.0434
4826.58 66.6411 0.0504
4826.60 66.5267 0.1484
4827.30 67.0151 0.1372
4827.32 67.4545 0.1544
4827.34 66.9840 0.1746
4827.36 66.8639 0.0495
4827.38 66.8053 0.1276
4827.40 66.7065 0.1055
4827.42 66.7318 0.1157
4827.44 66.4150 0.1014
4827.46 66.6520 0.1003
4827.48 66.3484 0.0854
4827.50 66.2734 0.1089
4827.52 66.0063 0.0960
4827.54 66.3942 0.1503
4828.58 66.7055 0.1951
4829.38 66.7085 0.0787
4829.40 66.5509 0.0723
4829.42 66.5540 0.0903
4829.44 66.5657 0.0805
4829.46 66.5670 0.1220
4829.48 66.6467 0.0716
4829.50 66.6392 0.0934
4829.52 66.6098 0.1253
4829.54 66.4650 0.1121
4829.56 66.4168 0.0764
4829.58 66.4057 0.0815
4832.38 66.9845 0.1365
4832.40 67.0330 0.1063
4832.42 67.0683 0.1369
4832.44 67.2579 0.1176
4832.46 67.2727 0.0786
4832.48 67.3043 0.1739
4832.50 66.2750 0.2250
4832.54 67.1747 0.2864
4832.56 67.7163 0.4275
4832.58 67.5659 0.4407
4833.30 67.0407 0.1475
4833.32 67.1264 0.1035
4833.34 66.7726 0.1087
4833.36 66.9665 0.1163
4833.38 66.6935 0.1149
4833.40 66.5818 0.0913
4833.42 66.5763 0.0935
4833.44 66.5389 0.0618
4833.46 66.4070 0.1287
4833.48 66.4776 0.0550
4833.50 66.4824 0.0947
4833.52 66.2650 0.1113
4833.54 66.2680 0.0555
4833.56 66.2917 0.0719
4833.58 66.2990 0.0878
4834.30 66.4616 0.1048
4834.32 66.1843 0.0698
4834.34 66.4085 0.0971
4834.36 66.4766 0.0692
4834.38 66.1957 0.0704
4834.40 66.2993 0.0718
4834.42 66.2919 0.0431
4834.44 66.2438 0.0695
4834.46 66.2925 0.1269
4834.48 66.3900 0.2499
4834.50 65.5806 0.1716
4834.52 66.6164 0.3545
4834.56 66.3954 0.0443
4834.58 66.3504 0.0745
4835.30 65.7033 0.2865
4835.32 66.0562 0.1133
4835.34 65.9982 0.0986
4835.36 65.8914 0.1015
4835.38 66.1177 0.0849
4835.40 65.8376 0.0676
4835.42 65.9775 0.0881
4835.44 65.7952 0.1076
4835.46 65.8195 0.0751
4835.48 65.6485 0.1237
4835.50 65.5342 0.0442
4835.52 65.6327 0.0748
4835.54 65.5475 0.1530
4835.56 65.6456 0.0917
4835.58 65.4450 0.1031
4836.30 67.0769 0.2239
4836.32 67.1726 0.1531
4836.34 67.1787 0.1281
4836.36 66.5242 0.1181
4836.38 66.3205 0.1460
4836.40 66.3584 0.1190
4836.42 66.1054 0.1043
4836.44 66.0936 0.1352
4836.46 66.1395 0.1075
4836.48 66.1548 0.1244
4836.50 66.0993 0.1132
4836.52 65.8540 0.1008
4836.54 65.7199 0.1022
4836.56 65.9161 0.1067
4836.58 65.1578 0.1304
4837.30 67.1192 0.1429
4837.32 66.6227 0.1507
4837.34 66.4669 0.1408
4837.36 66.4351 0.1803
4837.38 66.2372 0.2174
4837.40 66.2273 0.2394
4837.42 66.1602 0.1078
4837.44 66.2996 0.1141
4837.46 66.2301 0.2030
4837.48 66.0199 0.1218
4837.50 65.8740 0.2252
4838.40 66.6541 0.1329
4838.42 66.9781 0.0899
4838.44 67.2027 0.1155
4838.46 68.0092 0.1822
4841.36 63.9108 0.1230
4841.38 64.2395 0.2016
4841.40 63.7633 0.2127
4841.42 63.8205 0.2949
4841.44 63.4129 0.1511
4841.46 62.8054 0.2626
4841.48 62.4428 0.1960
4842.30 61.7252 0.1189
4842.32 61.6233 0.2325
4842.34 61.4509 0.2681
4842.36 61.4160 0.1028
4842.38 61.6943 0.1363
4842.40 62.1733 0.1567
4842.42 61.6985 0.1992
4842.44 61.7610 0.1578
4842.46 61.6209 0.3585
4842.48 61.5727 0.1495
4842.50 61.5212 0.1340
4842.52 61.3395 0.0996
4842.54 61.4557 0.1085
4842.56 61.7540 0.2755
4844.36 65.4662 0.3179
4844.38 65.3513 0.1985
4844.40 65.0293 0.1422
4844.42 64.7130 0.0947
4844.44 64.5640 0.0946
4844.46 64.5544 0.1796
4844.48 64.3687 0.0890
4844.50 64.3033 0.1122
4844.52 64.2056 0.1175
4844.54 64.2340 0.1013
4844.56 64.1806 0.2090
4845.34 62.5850 0.1143
4845.36 62.4807 0.0692
4845.38 62.5721 0.0652
4845.40 62.9578 0.0866
4845.42 62.7651 0.0678
4845.44 62.6967 0.0487
4845.46 62.7273 0.0778
4845.48 62.9598 0.1135
4845.50 63.1364 0.1039
4845.52 63.1460 0.1734
4845.54 62.7760 0.0780
4845.56 63.5437 0.3036
4846.30 65.1982 0.1643
4846.32 65.2807 0.1039
4846.34 64.6145 0.0967
4846.36 64.6079 0.0787
4846.38 64.7502 0.1217
4846.40 64.7572 0.0815
4846.42 64.8284 0.0958
4846.44 64.9435 0.0854
4846.46 65.1728 0.1073
4846.48 64.9284 0.0943
4846.50 64.8412 0.1266
4846.52 64.8156 0.0864
4846.54 64.7965 0.1248
4846.56 64.7237 0.1863
4847.30 66.2308 0.0952
4847.32 66.2126 0.0727
4847.34 65.8488 0.1223
4847.36 65.9269 0.1015
4847.38 65.8520 0.1427
4847.40 65.8540 0.1188
4847.42 65.9637 0.0762
4847.44 66.3813 0.1222
4847.46 65.8726 0.1279
4847.48 65.9051 0.3444
4848.36 65.0874 0.1575
4848.38 64.5125 0.4363
4848.40 66.0828 0.5007
4849.30 65.3361 0.1284
4849.32 65.7641 0.1461
4849.34 65.4677 0.1630
4849.36 65.4352 0.1443
4849.38 65.5117 0.0593
4849.40 65.5283 0.1094
4849.42 65.5254 0.1493
4849.44 65.3954 0.1590
4849.46 64.6147 0.1780
4849.48 64.5162 0.5373
4850.30 66.1557 0.1262
4850.32 65.9271 0.1139
4850.34 65.6152 0.1523
4850.36 65.8248 0.1966
4850.38 65.6660 0.1871
4850.40 66.0837 0.1901
4850.44 66.5396 0.2945
4850.48 65.2113 0.1675
4850.50 65.3605 0.1207
4850.52 65.2784 0.0536
4850.54 65.0129 0.1096
4851.30 66.8848 0.2153
4851.32 66.7750 0.1163
4851.34 66.8091 0.0578
4851.36 66.9407 0.1417
4851.38 66.7772 0.0744
4851.40 66.6673 0.1423
4851.42 66.9664 0.0452
4851.44 66.4828 0.0884
4851.46 66.5356 0.1135
4851.48 66.2103 0.0483
4851.50 66.4056 0.1265
4851.52 66.2563 0.1648
4852.32 65.9847 0.1085
4852.34 66.0690 0.0793
4852.40 66.2809 0.0927
4852.42 66.1841 0.0808
4852.44 66.2920 0.1165
4852.46 66.3029 0.0938
4852.48 66.3509 0.0622
4852.50 66.2427 0.1029
4852.52 66.2238 0.0693
4853.32 66.3942 0.1960
4853.34 66.2771 0.0713
4853.36 66.5029 0.0508
4853.38 66.3292 0.0849
4853.40 66.7009 0.0641
4853.42 66.6336 0.0832
4853.44 66.5540 0.0668
4853.46 66.5664 0.0735
4853.48 66.4152 0.0976
4853.50 66.4871 0.0691
4853.52 66.7494 0.0830
4855.30 67.1571 0.1543
4855.32 66.3985 0.1585
4855.34 66.1917 0.1047
4855.36 66.6810 0.0801
4855.38 66.4582 0.0650
4855.40 66.4643 0.1369
4855.42 67.0787 0.2340
4855.44 66.4730 0.1146
4856.30 67.4569 0.1132
4856.32 66.9092 0.1642
4856.34 67.4789 0.2130
4856.36 67.6108 0.0956
4856.38 67.1484 0.3942
4856.40 67.0769 0.3133
4856.42 67.6363 0.1481
4856.44 68.0104 0.3257
4857.30 67.6118 0.1628
4857.32 67.6897 0.1061
4857.34 67.9401 0.2265
4857.36 67.3434 0.3286
4857.38 67.4149 0.2024
4857.42 68.0627 0.2158
4857.44 67.5150 0.3975
4857.50 66.9471 0.0668
4858.30 68.0130 0.1349
4858.36 67.8911 0.1892
4858.38 67.6842 0.2212
4858.40 67.8879 0.1622
4858.42 67.7145 0.2030
4858.44 67.6132 0.2580
4860.34 66.8008 0.0491
4860.36 66.9490 0.0526
4860.38 66.9699 0.1461
4860.50 66.8767 0.0988
4861.32 66.5142 0.1691
4861.34 66.5983 0.0730
4861.36 66.8538 0.0495
4861.38 67.0798 0.0489
4861.40 67.0828 0.0478
4861.42 67.0649 0.0546
4861.44 67.0432 0.0690
4861.46 66.9591 0.0626
4861.48 67.0794 0.0805
4861.50 67.0820 0.0846
4862.46 66.6001 0.2764
4862.48 66.2364 0.0839
4862.50 66.4611 0.1204
4863.36 65.9061 0.3505
4863.38 66.3790 0.0895
4863.40 66.5182 0.1252
4863.42 66.1668 0.1181
4863.44 66.1079 0.0959
4863.46 66.1900 0.1156
4871.34 65.5207 0.1937
4871.36 64.9270 0.1635
4871.38 65.5763 0.1339
4871.44 66.4892 0.1460
4898.34 65.2096 0.1440
4898.36 65.5698 0.1101
5083.74 62.8391 0.1743
5107.48 65.7405 0.1358
5107.50 65.5515 0.2272
5107.54 65.8827 0.1636
5107.56 65.9915 0.1588
5107.58 65.9909 0.1729
5107.60 66.2667 0.2930
5107.62 66.4170 0.1477
5109.48 67.3234 0.1406
5109.54 66.2176 0.2668
5109.56 66.7570 0.1782
5109.58 66.9133 0.1549
5110.74 66.7479 0.1861
5111.52 66.6606 0.1671
5111.54 66.1873 0.1247
5111.56 66.5121 0.2706
5113.48 66.1241 0.3167
5113.52 66.4494 0.0828
5113.54 66.3916 0.2169
5113.56 66.5897 0.0961
5113.58 66.3407 0.1459
5114.46 66.7271 0.3502
5114.60 65.8456 0.1507
5114.62 66.1462 0.1711
5114.64 65.8518 0.1635
5114.66 66.0747 0.1167
5114.68 66.1911 0.1203
5114.70 65.8667 0.1180
5114.72 65.8513 0.1365
5114.74 65.8352 0.1029
5114.76 65.9628 0.0948
5116.64 66.8638 0.2184
5116.66 67.0662 0.0893
5116.68 66.7804 0.2184
5117.60 66.3104 0.1447
5117.62 66.0958 0.1168
5117.64 66.5115 0.2144
5117.66 66.4387 0.1181
5117.68 66.5123 0.1008
5117.70 66.4315 0.0853
5117.72 66.4679 0.0861
5117.74 66.5203 0.0910
5117.76 66.6217 0.0735
5118.58 67.3768 0.3108
5118.60 66.9617 0.2217
5118.62 66.9362 0.1669
5118.64 67.0221 0.1412
5118.66 67.1283 0.0813
5118.68 66.7218 0.1743
5118.70 67.1234 0.0871
5118.72 66.9960 0.1552
5118.74 66.9985 0.1052
5118.76 66.9956 0.0738
5119.50 67.4540 0.6072
5119.54 67.4983 0.3830
5119.66 66.4428 0.0607
5119.68 66.4686 0.0808
5119.70 66.5346 0.0974
5119.72 66.3959 0.0716
5119.74 66.4984 0.0621
5119.76 66.3139 0.0997
5120.60 66.0825 0.1336
5120.62 66.3911 0.0536
5120.64 66.1504 0.0556
5120.66 66.1067 0.1023
5120.68 66.1644 0.1027
5120.70 66.1995 0.0473
5120.72 66.3280 0.0469
5120.74 66.1088 0.1416
5120.76 66.1222 0.0798
5121.46 66.3187 0.2629
5121.50 66.6582 0.1113
5121.52 66.8715 0.0994
5121.54 66.8958 0.1164
5121.56 66.5591 0.0865
5121.58 66.7204 0.3020
5121.60 66.5834 0.2872
5121.62 66.5165 0.1757
5121.64 65.9738 0.1367
5121.66 66.1016 0.1046
5121.68 66.1207 0.1325
5121.70 66.2262 0.0917
5121.72 66.2861 0.0545
5121.74 66.2786 0.0903
5121.76 66.3720 0.0648
5122.48 66.6815 0.3329
5122.50 66.8549 0.2204
5122.52 66.6564 0.1961
5122.54 66.9235 0.1474
5122.56 66.9310 0.1142
5122.58 64.7559 0.6561
5123.44 66.5574 0.1732
5123.46 66.9039 0.1043
5123.50 66.7777 0.1279
5123.52 66.9193 0.1572
5123.54 67.2859 0.0520
5123.56 67.0730 0.1089
5123.60 66.7959 0.1676
5123.62 67.2757 0.2220
5124.44 66.4493 0.3116
5124.46 66.0717 0.0757
5124.50 66.1656 0.1418
5124.52 65.9802 0.1807
5124.54 65.8997 0.1155
5124.56 66.3150 0.1071
5124.58 65.6107 0.1814
5124.60 65.1506 0.2175
5124.62 65.3175 0.2099
5124.64 64.7477 0.0974
5124.66 64.8701 0.0908
5124.70 64.8259 0.2390
5124.72 64.5666 0.1169
5124.74 64.7241 0.1297
5124.76 64.6145 0.0739
5125.58 64.5811 0.1503
5125.60 64.7566 0.0897
5125.62 64.8930 0.0898
5125.64 64.9907 0.1061
5125.66 65.3488 0.1050
5126.58 64.4152 0.2085
5126.60 65.0775 0.0778
5126.62 64.8149 0.1532
5126.64 65.1118 0.1363
5126.66 65.0502 0.0993
5126.68 64.8953 0.0823
5126.70 65.0804 0.0805
5126.72 65.1076 0.0703
5126.74 64.9866 0.0740
5126.76 64.9870 0.0659
5127.44 65.7446 0.2759
5127.56 65.0151 0.2612
5127.58 65.3909 0.2436
5127.60 65.3803 0.2780
5127.62 65.4106 0.2840
5127.64 64.8910 0.1421
5127.66 64.8546 0.1599
5127.68 64.9173 0.1312
5127.70 64.7273 0.1089
5127.72 64.9747 0.0840
5127.74 64.9914 0.0782
5127.76 64.9557 0.0607
5128.56 65.2940 0.0675
5128.58 65.1599 0.1226
5128.60 65.3884 0.1159
5128.62 65.5637 0.1425
5128.64 65.4485 0.0713
5128.66 65.5033 0.1142
5128.68 65.5709 0.0892
5128.70 65.4739 0.1045
5128.72 65.4661 0.0645
5128.74 65.6014 0.0703
5128.76 65.7002 0.0554
5129.56 64.6207 0.0840
5129.58 65.1696 0.0905
5129.60 65.1582 0.0967
5129.62 65.3985 0.0383
5129.64 65.3211 0.1039
5129.66 65.5003 0.0639
5129.68 65.5987 0.0438
5129.70 65.6156 0.0679
5129.72 65.7392 0.0465
5129.74 65.6894 0.0574
5129.76 65.7048 0.0607
5130.56 64.8519 0.1469
5130.58 64.8667 0.0737
5130.60 64.6585 0.1186
5130.62 64.5306 0.0857
5130.64 64.7230 0.0638
5130.66 64.9873 0.2944
5130.68 64.4681 0.0898
5130.70 64.2723 0.0509
5130.72 64.3255 0.0626
5130.74 64.2840 0.0782
5130.76 64.1531 0.0467
5130.78 64.0309 0.1157
5131.52 63.8119 0.6546
5131.54 63.4677 0.3630
5131.62 61.3669 0.0644
5131.72 63.2169 0.0664
5131.74 63.1032 0.0989
5131.76 62.7208 0.0552
5132.62 64.6585 0.0708
5132.64 64.6272 0.2317
5134.56 64.1489 0.1555
5134.58 64.6708 0.1304
5134.60 64.3409 0.1540
5134.62 64.8640 0.1374
5134.64 64.8374 0.1565
5134.66 64.7662 0.1601
5134.68 64.9880 0.0696
5134.70 64.9562 0.0984
5134.72 65.2454 0.1591
5135.40 65.9819 0.1720
5135.42 66.1088 0.2118
5135.46 66.6202 0.1543
5135.48 66.2687 0.1507
5135.50 66.5140 0.1506
5135.52 66.6314 0.1787
5135.54 66.0046 0.1908
5135.56 65.8961 0.2485
5135.58 65.7002 0.1955
5135.60 65.9310 0.1501
5135.62 65.8664 0.1812
5135.64 65.7979 0.1293
5135.66 65.9223 0.0939
5135.68 65.1765 0.3347
5135.70 65.8021 0.1454
5135.72 65.7359 0.0749
5135.74 65.7328 0.0614
5135.76 65.5014 0.0516
5136.52 64.9813 0.0981
5136.54 65.1216 0.0778
5136.56 65.1145 0.1571
5136.60 65.1219 0.0795
5137.54 63.6981 0.1260
5137.56 63.7386 0.1177
5137.58 63.7846 0.1510
5137.60 64.0322 0.1983
5137.62 64.2704 0.1367
5137.64 63.9253 0.1661
5137.66 64.6560 0.0842
5137.68 64.5199 0.1181
5137.70 64.6011 0.1188
5137.72 64.5442 0.1343
5137.74 64.4872 0.2291
5137.76 64.6889 0.4052
5138.54 61.6749 0.1356
5138.56 61.7182 0.1715
5138.58 61.5869 0.0867
5138.60 61.4529 0.0694
5138.62 61.5700 0.1287
5138.64 61.0207 0.1077
5138.66 60.8990 0.1021
5138.68 60.8322 0.1355
5138.70 61.0097 0.0955
5138.72 60.7418 0.1082
5138.74 60.2086 0.1643
5142.54 65.8179 0.1302
5142.56 65.2398 0.1679
5142.58 64.8932 0.2348
5142.60 64.6145 0.1096
5142.62 65.2988 0.1414
5142.64 65.0469 0.1248
5142.66 64.9925 0.0926
5142.68 65.2447 0.0894
5142.70 65.2253 0.0897
5142.72 65.2994 0.0981
5142.74 65.1193 0.1440
5143.56 68.0432 0.1390
5144.52 65.8109 0.1830
5144.54 66.1934 0.1663
5144.56 66.1106 0.1569
5144.58 65.9863 0.1369
5144.60 66.1043 0.1278
5144.62 66.0842 0.1729
5144.64 66.1915 0.0780
5144.66 66.1760 0.2102
5144.68 66.0191 0.0679
5144.70 66.2016 0.0710
5144.72 66.4149 0.1618
5144.74 66.4479 0.2829
5145.52 65.7414 0.1193
5145.54 65.7973 0.1605
5145.56 65.8943 0.1932
5145.60 65.8968 0.1364
5145.62 66.1759 0.2284
5145.64 66.2537 0.1515
5145.66 66.3696 0.1029
5145.68 66.2208 0.1490
5145.70 66.1729 0.1722
5145.72 66.4943 0.0690
5146.52 65.6561 0.3073
5146.58 65.5775 0.0623
5146.60 65.4895 0.1105
5146.62 65.7509 0.0908
5146.64 65.6514 0.1046
5146.66 64.8686 0.1820
5147.52 64.4011 0.0695
5147.54 64.4157 0.0956
5147.56 64.3473 0.0782
5147.58 64.3984 0.0993
5147.60 64.6423 0.1106
5147.62 64.7715 0.0667
5147.64 64.8594 0.0768
5147.66 64.6455 0.0820
5147.68 64.6178 0.0959
5147.70 64.7638 0.0985
5147.72 64.7542 0.1680
5149.52 65.4063 0.1790
5149.54 65.4456 0.1548
5149.56 65.7237 0.1280
5149.58 65.5378 0.0667
5149.60 65.3243 0.1288
5149.62 65.4477 0.1324
5149.64 65.2851 0.0884
5149.66 65.6482 0.1358
5149.68 65.2723 0.1071
5149.70 65.5088 0.1126
5149.72 65.3018 0.1353
5150.52 64.7922 0.1124
5150.54 65.1346 0.0897
5150.56 64.8592 0.1230
5150.58 64.8973 0.1643
5150.60 64.5998 0.1024
5150.64 64.5206 0.0718
5150.66 64.5170 0.0740
5150.68 64.6260 0.1055
5152.36 65.6976 0.3385
5152.38 66.0961 0.2978
5152.42 66.4931 0.0732
5152.44 66.2849 0.0703
5155.36 66.3960 0.3244
5155.42 66.8213 0.1665
5155.44 66.3509 0.2472
5155.46 66.5335 0.0797
5155.48 66.3659 0.1687
5155.50 66.0135 0.1120
5155.52 66.2392 0.1138
5155.54 66.1357 0.1278
5155.56 66.2952 0.0945
5155.58 66.1182 0.1259
5155.60 66.1859 0.0690
5155.62 65.1537 0.4522
5155.64 66.1898 0.1906
5155.66 66.0200 0.1031
5155.68 65.8416 0.0802
5155.70 65.9301 0.0657
5156.40 66.4521 0.4821
5156.42 66.1251 0.1479
5156.44 66.1912 0.2557
5156.46 66.4358 0.3521
5156.48 65.6838 0.1606
5156.60 65.7097 0.1478
5156.62 65.6933 0.0617
5156.70 65.5097 0.0874
5157.36 65.9116 0.1539
5157.42 66.2282 0.1832
5157.44 66.5183 0.1017
5157.46 66.5411 0.1427
5157.48 66.4968 0.1447
5157.54 66.7143 0.0692
5157.56 66.8496 0.1850
5157.58 67.3634 0.2740
5158.40 67.2557 0.2547
5158.42 66.7011 0.2450
5158.44 66.8549 0.2289
5158.46 66.4184 0.2755
5158.48 66.5981 0.3690
5160.34 65.5479 0.1844
5160.48 65.1449 0.1937
5160.50 65.6126 0.1101
5160.52 65.4160 0.1244
5160.54 65.9077 0.2663
5160.56 65.4941 0.1953
5160.58 65.6933 0.1028
5160.60 65.7349 0.0634
5160.62 65.6883 0.0894
5160.64 65.6217 0.0986
5160.66 65.7754 0.0892
5160.68 65.6387 0.1053
5160.70 66.0437 0.2992
5161.34 66.3360 0.4746
5161.48 66.3270 0.1907
5161.50 66.5193 0.1136
5161.52 66.4768 0.0404
5161.54 66.8314 0.0822
5161.56 66.3661 0.1298
5161.58 66.8915 0.1209
5161.60 66.4678 0.1367
5161.62 66.6254 0.0481
5161.64 66.4002 0.3858
5161.66 66.6366 0.2998
5161.68 66.5313 0.0932
5162.34 66.2009 0.1841
5162.36 65.8372 0.2597
5162.38 65.5353 0.1907
5162.40 66.3178 0.2449
5162.42 65.3706 0.1946
5162.44 65.6715 0.1507
5162.46 65.8674 0.1035
5162.48 65.7940 0.1211
5162.50 65.4977 0.1196
5162.52 65.3875 0.0518
5162.54 65.5028 0.0938
5162.56 65.0691 0.1317
5162.58 64.9603 0.1287
5162.60 64.8082 0.1208
5162.62 64.4464 0.0729
5163.34 64.4330 0.1590
5163.36 64.7833 0.1823
5163.38 64.7386 0.1879
5163.40 64.7582 0.1221
5163.42 64.5087 0.0704
5163.44 64.7078 0.0418
5163.46 64.5216 0.2128
5163.48 63.8905 0.1422
5163.50 64.2505 0.2147
5163.52 64.3920 0.1715
5163.54 64.3248 0.1300
5163.56 64.2321 0.1952
5163.58 64.3272 0.0969
5163.60 64.3084 0.0889
5163.62 63.8816 0.1755
5163.66 64.0399 0.1258
5163.68 63.7613 0.2274
5164.50 64.0811 0.1888
5164.52 63.9862 0.2618
5165.32 65.5021 0.3348
5165.46 64.0920 0.2831
5165.50 64.5585 0.1509
5165.52 64.3453 0.2072
5165.58 64.9776 0.2619
5165.60 64.7958 0.1702
5165.62 64.8252 0.1521
5165.64 64.7793 0.1427
5165.66 65.0273 0.1920
5165.68 65.5050 0.2528
5169.32 64.3529 0.3151
5169.56 66.8266 0.0861
5170.46 64.1084 0.1346
5170.48 64.2946 0.1670
5170.50 63.8088 0.1626
5170.52 63.9791 0.1913
5170.54 64.3497 0.1181
5170.56 64.1494 0.2161
5170.58 64.5806 0.1268
5170.60 63.9845 0.1180
5170.62 64.2966 0.1108
5170.64 64.2253 0.0864
5170.66 64.2383 0.0777
5171.32 64.9900 0.3103
5171.34 65.2505 0.1265
5171.38 64.3632 0.1624
5171.40 64.1109 0.3531
5171.42 64.4027 0.1870
5171.44 64.0854 0.1805
5171.46 63.7339 0.2230
5171.48 64.1094 0.1758
5171.50 63.9299 0.1591
5171.52 63.9333 0.1600
5171.54 63.9430 0.1634
5171.56 63.7694 0.1306
5171.58 63.8431 0.1375
5171.60 63.6700 0.1109
5171.62 63.4716 0.1002
5171.64 63.1681 0.0753
5171.66 63.4395 0.1001
5172.46 64.4457 0.1954
5172.48 64.2946 0.0805
5172.50 64.3300 0.0467
5172.52 64.5901 0.0628
5172.54 64.3467 0.1101
5172.56 64.4560 0.1002
5172.58 64.8253 0.0784
5172.60 64.3564 0.0808
5172.62 64.5078 0.0787
5172.64 64.5590 0.0479
5172.66 64.5458 0.0709
5173.44 65.1309 0.1092
5173.46 65.3696 0.1683
5173.48 65.2698 0.1050
5173.50 65.1141 0.1113
5173.52 65.1587 0.1181
5173.54 65.4025 0.1463
5173.56 65.4181 0.1289
5173.58 65.4662 0.2263
5173.60 65.1439 0.1391
5173.62 65.5853 0.1801
5173.64 65.4913 0.1309
5173.66 65.3651 0.2751
5174.30 66.6089 0.2245
5174.32 66.3069 0.2355
5174.36 66.3900 0.1204
5174.38 66.4357 0.2276
5174.40 66.6572 0.2192
5174.42 66.6070 0.2242
5174.44 66.0911 0.2573
5174.46 66.4935 0.1458
5174.48 66.2906 0.1350
5174.50 66.4307 0.1525
5174.52 66.6464 0.0850
5174.54 66.4630 0.1157
5174.56 66.3710 0.1306
5174.58 66.2781 0.1110
5174.60 66.1947 0.1022
5174.62 66.4089 0.0631
5174.64 66.3506 0.1459
5174.66 66.8939 0.2481
5175.40 67.7039 0.1814
5175.44 65.9100 0.0685
5175.46 65.7149 0.2027
5175.48 65.6417 0.1057
5175.50 65.6225 0.1096
5175.52 66.0497 0.0096
5175.62 64.4764 0.4494
5175.64 66.0100 0.0647
5175.66 66.2320 0.2304
5176.30 66.6873 0.3014
5176.32 65.7855 0.2065
5176.34 66.5976 0.3499
5176.36 66.3184 0.1110
5176.38 66.1364 0.1559
5176.40 66.2635 0.0792
5176.42 66.2605 0.1727
5176.48 66.2141 0.1856
5176.50 66.4588 0.0783
5177.30 66.3985 0.3249
5177.32 66.0469 0.2102
5177.34 66.0618 0.2178
5177.36 66.0750 0.1229
5177.38 66.1687 0.0699
5177.40 66.0891 0.1298
5177.42 66.1775 0.1361
5177.44 66.0389 0.1122
5177.46 66.0243 0.0909
5177.48 65.9747 0.1258
5177.50 66.0331 0.0806
5177.52 66.0933 0.1480
5177.54 65.9136 0.0705
5177.56 65.5317 0.0797
5177.58 65.8739 0.2036
5178.30 66.9151 0.5484
5178.32 67.2112 0.2844
5178.38 66.8037 0.1058
5178.40 67.0446 0.0609
5178.42 66.9152 0.1265
5178.44 66.9084 0.0932
5178.46 66.8379 0.0742
5178.48 67.0095 0.0765
5178.54 67.0563 0.1102
5178.56 66.6704 0.2257
5180.30 67.6830 0.2192
5180.32 67.6418 0.2003
5180.46 66.7040 0.2286
5180.48 67.5290 0.3349
5180.50 67.0674 0.3103
5180.52 67.3776 0.2430
5180.54 65.9700 0.5729
5180.56 67.2024 0.3797
5185.42 65.7814 0.1420
5185.44 65.9046 0.1724
5185.46 66.4907 0.4323
5198.38 65.1800 0.1484
5198.40 65.2041 0.1696
5198.42 65.2358 0.1013
5198.44 65.8306 0.1125
5198.46 65.5312 0.1535
5198.48 65.6322 0.1774
5198.50 65.7614 0.0860
5198.52 65.5855 0.1086
5198.54 65.6867 0.1702
5198.56 65.7495 0.0759
5198.58 65.3748 0.2533
5200.38 66.7301 0.2323
5201.38 66.0268 0.1841
5201.40 66.1349 0.1379
5202.56 66.6619 0.1491
5204.38 66.1831 0.1124
5204.40 66.1969 0.1558
5204.42 66.3297 0.1073
5204.46 66.1986 0.1111
5204.48 66.7368 0.0677
5204.56 66.5993 0.1165
5207.36 66.3808 0.0519
5207.38 66.4754 0.1150
5207.40 66.3939 0.1485
5207.42 66.6043 0.1177
5207.44 66.4386 0.0603
5207.46 66.8922 0.1018
5207.48 66.5268 0.1361
5207.50 66.5486 0.0926
5207.52 66.5868 0.1433
5207.54 66.6908 0.1295
5207.56 66.3103 0.1733
5208.42 66.7520 0.0583
5208.44 66.7780 0.1842
5208.50 66.8522 0.0989
5208.52 66.6303 0.0760
5208.54 66.7897 0.0560
5208.56 66.6501 0.1299
5209.36 66.5393 0.3553
5209.38 66.7383 0.1744
5209.40 66.0165 0.2153
5209.42 66.3607 0.1603
5209.44 66.6782 0.3405
5209.46 66.2141 0.2573
5209.48 66.3264 0.2358
5209.52 67.7594 0.9287
5209.54 66.5999 0.6447
5210.34 66.6225 0.4404
5210.44 68.2657 1.4683
5210.46 65.7568 0.3514
5210.54 66.2395 0.2474
5211.36 66.0039 0.2935
5211.38 66.4098 0.0579
5211.40 66.3820 0.0648
5211.42 66.3552 0.0713
5211.44 66.3919 0.0826
5211.46 66.3920 0.0569
5211.48 66.7922 0.3004
5211.50 66.3720 0.1221
5211.52 66.4172 0.1717
5211.56 66.0783 0.1318
5212.34 66.2891 0.0594
5212.36 66.1083 0.0879
5212.38 66.2665 0.0820
5212.40 66.4598 0.0620
5212.42 66.7780 0.2170
5212.44 66.8268 0.1526
5212.46 66.6383 0.1143
5212.48 66.3935 0.1092
5212.50 66.4048 0.0906
5212.52 66.3476 0.0577
5212.54 66.2366 0.0776
5214.32 66.8249 0.2053
5214.34 66.3019 0.1684
5214.36 66.2398 0.1607
5214.38 66.4675 0.1995
5214.40 66.8958 0.5047
5214.50 65.7335 0.0604
5214.52 65.6961 0.0962
5214.54 66.3510 0.6028
5215.42 66.6610 0.3501
5215.44 66.8867 0.0656
5215.46 66.7433 0.0563
5215.48 66.5037 0.0725
5215.50 66.6234 0.0568
5215.52 66.2834 0.0685
5216.30 67.6097 0.3068
5216.32 66.7097 0.1860
5216.34 66.5110 0.1597
5216.36 66.3535 0.1108
5216.38 66.4723 0.1082
5216.40 66.7180 0.1281
5216.42 66.6216 0.1253
5216.44 66.7103 0.0828
5216.46 66.7135 0.1388
5216.48 66.6927 0.1291
5216.50 66.3842 0.1121
5216.52 66.4321 0.0829
5216.54 66.5769 0.1733
5217.30 67.0713 0.0952
5217.32 67.1580 0.1170
5217.34 67.1088 0.1402
5217.36 67.0008 0.1860
5217.38 67.0265 0.1516
5217.40 66.8272 0.1705
5217.42 67.0017 0.2632
5217.44 67.5401 0.2782
5218.30 66.9219 0.2180
5218.32 66.8070 0.1257
5218.34 66.9145 0.1686
5218.36 66.4661 0.1767
5218.38 66.0132 0.1977
5218.40 66.0010 0.0552
5218.42 66.1109 0.0528
5218.44 66.0011 0.0873
5218.46 66.0759 0.0711
5218.48 66.0482 0.0874
5218.50 65.9013 0.0720
5218.52 65.8477 0.1451
5219.36 66.7523 0.1423
5219.38 67.1612 0.3185
5219.44 66.0754 0.1575
5220.30 66.5772 0.1349
5220.32 66.4460 0.1879
5220.34 66.4035 0.1289
5220.36 66.2436 0.1010
5220.38 66.4282 0.1142
5220.40 66.2336 0.1142
5220.42 66.2278 0.0890
5220.44 66.1223 0.1151
5220.46 65.9048 0.0966
5220.48 66.2212 0.1634
5220.50 66.1779 0.0616
5220.52 66.0867 0.3404
5221.30 66.9128 0.1528
5221.32 66.1138 0.1863
5221.34 65.9653 0.0944
5221.36 65.6452 0.0872
5221.38 65.6674 0.0683
5221.40 65.4550 0.0821
5221.42 65.5008 0.0912
5221.44 65.6963 0.0948
5221.46 65.5325 0.1021
5221.48 65.7392 0.1322
5221.50 65.6496 0.1542
5221.52 65.5656 0.1805
5224.30 63.7258 0.1467
5231.34 66.2213 0.0681
5231.36 66.2562 0.0637
5231.38 66.3387 0.0960
5231.40 66.2553 0.0810
5231.42 66.3372 0.0840
5231.44 66.2853 0.0880
5231.46 65.8896 0.1101
5231.48 66.0814 0.0881
5232.38 66.0787 0.0922
5232.40 66.3401 0.0763
5232.42 66.3912 0.0688
5232.44 66.4097 0.0472
5232.46 66.5203 0.0758
5232.48 66.3554 0.1269
5233.34 66.3727 0.0365
5233.36 66.2887 0.0540
5233.38 66.5351 0.0480
5233.40 66.5648 0.0628
5233.42 66.4350 0.0865
5233.44 66.5243 0.0920
5233.46 66.5376 0.1032
5233.48 66.4467 0.0988
5479.60 65.6061 0.1245
5479.62 65.8510 0.0903
5479.64 65.8837 0.1410
5479.66 65.9464 0.2159
5479.68 66.3793 0.1565
5479.70 66.1928 0.1962
5479.72 66.1821 0.2741
5479.74 66.2413 0.0972
5479.76 66.1803 0.1058
5482.60 66.0462 0.1317
5482.62 66.1002 0.1690
5482.64 66.1295 0.1450
5482.66 66.1935 0.0946
5482.68 66.0243 0.1172
5482.70 66.0640 0.0811
5482.72 66.0479 0.1412
5482.74 66.0376 0.0886
5482.76 66.0328 0.1123
5483.60 66.1625 0.1322
5483.62 66.1187 0.1793
5483.64 66.3903 0.1153
5483.66 66.2512 0.0492
5483.68 66.3433 0.0868
5483.70 66.5614 0.0610
5483.72 66.3519 0.0776
5483.74 66.3782 0.0968
5483.76 66.3908 0.0507
5485.60 66.3973 0.2383
5486.60 66.0848 0.1155
5486.62 66.2944 0.1109
5486.64 66.2950 0.0726
5486.66 66.4075 0.1854
5486.68 66.4654 0.1035
5486.70 66.5126 0.0766
5486.72 66.4702 0.0697
5486.74 66.5208 0.0671
5486.76 66.4899 0.0844
5490.58 65.2886 0.1210
5490.60 65.7952 0.1428
5490.62 65.5886 0.1812
5490.64 65.5266 0.1205
5490.66 65.3159 0.1337
5490.68 65.5651 0.1037
5490.70 65.6025 0.1497
5490.72 65.4996 0.0862
5490.74 65.3697 0.1054
5492.56 65.7187 0.1397
5492.58 65.9501 0.1367
5492.60 65.4326 0.1683
5492.62 65.2670 0.1326
5492.64 65.3698 0.1396
5492.66 65.4145 0.0945
5492.68 65.5310 0.1282
5492.70 65.4350 0.1410
5492.72 65.3901 0.1378
5492.74 65.0757 0.1594
5492.76 65.4547 0.1966
5493.60 65.2443 0.2599
5498.56 66.3839 0.1412
5498.58 66.3727 0.1912
5498.60 66.6643 0.0828
5498.62 66.5973 0.0522
5498.64 66.2236 0.1259
5498.66 66.8251 0.1520
5498.68 66.6208 0.0923
5498.70 66.2009 0.3884
5498.72 66.3343 0.3138
5498.74 66.6918 0.1480
5498.76 66.4314 0.3870
5499.56 66.3776 0.2020
5499.58 66.1649 0.5284
5499.60 66.4593 0.1302
5499.62 66.5981 0.1840
5499.64 66.8915 0.1193
5499.66 66.5866 0.1262
5499.68 66.8874 0.1563
5499.70 66.7363 0.1506
5499.72 66.5280 0.1103
5499.74 66.5456 0.1178
5499.76 66.3609 0.1552
5500.56 66.8732 0.2679
5500.58 66.6044 0.2248
5500.60 66.7678 0.2342
5500.62 67.0193 0.1186
5500.64 66.9337 0.2598
5500.66 66.6443 0.0989
5500.68 66.7912 0.2657
5500.70 67.1141 0.1520
5500.72 66.9698 0.1738
5500.74 67.1112 0.1337
5500.76 66.6654 0.1604
5501.70 66.9150 0.1164
5501.72 66.6488 0.1088
5501.74 65.6788 0.2550
5501.76 66.0364 0.1869
5502.54 65.8402 0.1488
5502.56 65.9827 0.1892
5502.60 65.8765 0.1329
5502.62 66.2330 0.1011
5502.64 66.2055 0.1387
5502.66 66.0766 0.1517
5502.68 65.9260 0.1516
5502.70 66.0829 0.1146
5502.72 65.9490 0.1427
5502.76 66.3378 0.2651
5504.60 65.3149 0.2526
5505.62 64.6246 0.1170
5505.66 65.0541 0.1271
5505.68 65.1074 0.0744
5505.70 65.0120 0.1652
5505.72 64.5679 0.1841
5505.74 65.4621 0.1253
5506.54 66.3410 0.1339
5506.56 66.1945 0.1700
5506.58 66.1794 0.1493
5506.60 66.2441 0.1868
5506.62 65.8198 0.1351
5506.64 65.9246 0.1051
5506.66 66.0738 0.1161
5506.68 66.0593 0.1128
5506.70 66.0413 0.0927
5506.72 66.0130 0.0908
5506.74 65.9765 0.1439
5507.54 64.2587 0.0618
5507.56 64.6102 0.1114
5507.58 64.4873 0.1262
5507.60 64.4312 0.0985
5507.62 64.1789 0.1212
5507.64 64.5461 0.0783
5507.66 64.5414 0.0778
5507.68 64.4146 0.0588
5507.70 64.2114 0.0742
5507.72 64.2448 0.0824
5507.74 64.3156 0.0964
5508.62 64.8104 0.0866
5508.64 64.7315 0.1293
5508.66 64.8787 0.1312
5508.68 64.8195 0.1408
5508.70 64.7155 0.1295
5508.72 64.6471 0.1352
5508.74 64.5543 0.1535
5509.52 64.4499 0.1764
5509.54 64.5449 0.0450
5509.56 64.3895 0.1172
5509.58 64.4934 0.0725
5509.60 64.6742 0.0787
5509.62 64.4681 0.0805
5509.64 64.6772 0.1112
5509.66 64.6164 0.1191
5509.68 64.7623 0.1149
5509.70 64.4193 0.0937
5509.72 64.3699 0.1425
5509.74 64.5843 0.2007
5510.54 64.4889 0.2096
5510.56 64.7843 0.2079
5510.58 64.5406 0.0823
5510.60 64.6263 0.1683
5510.62 64.7608 0.1021
5510.64 64.4199 0.1925
5510.66 64.5945 0.1099
5510.68 64.7509 0.1165
5510.70 64.4077 0.1276
5510.72 64.5901 0.1043
5510.74 64.8149 0.1819
5511.54 64.7742 0.1533
5511.56 64.5228 0.0913
5511.58 64.8533 0.1508
5511.60 64.6421 0.1169
5511.62 64.8164 0.1070
5511.64 65.0007 0.1579
5512.56 65.0043 0.2167
5512.58 65.1070 0.1060
5512.68 64.8972 0.1567
5512.72 65.1025 0.0590
5512.74 64.9783 0.0953
5513.52 64.9291 0.1383
5513.54 64.6605 0.1586
5513.56 64.9279 0.0467
5513.58 64.9559 0.1804
5513.60 64.6972 0.1334
5513.62 65.0086 0.1171
5513.64 65.0818 0.1405
5513.66 65.1948 0.0675
5513.68 65.0832 0.0929
5513.70 65.2464 0.0391
5513.72 65.2401 0.1037
5514.58 64.9315 0.1221
5514.60 64.8591 0.1213
5514.62 64.7995 0.1274
5514.64 64.8729 0.0877
5514.66 64.6868 0.0715
5514.68 64.0610 0.3109
5514.70 64.5898 0.1359
5514.72 64.5871 0.1406
5516.52 64.7304 0.0918
5516.54 65.0100 0.1794
5516.56 65.2419 0.1316
5516.58 65.3342 0.1418
5516.60 65.0352 0.0430
5516.62 65.1525 0.0551
5516.64 65.0363 0.0788
5516.66 64.9676 0.1088
5516.68 65.1744 0.0881
5516.70 65.1172 0.1159
5516.72 65.0911 0.1728
5517.50 65.0828 0.1334
5517.56 65.0713 0.3519
5517.58 65.1131 0.0915
5517.60 65.4070 0.2200
5517.62 65.0582 0.0767
5517.64 65.1664 0.1308
5517.66 64.9921 0.1088
5517.68 65.4438 0.1636
5517.70 64.9414 0.2047
5517.72 64.3627 0.2436
5518.50 65.1899 0.1013
5518.52 65.2870 0.1345
5518.54 65.4562 0.0558
5518.56 65.2674 0.1522
5518.58 65.4541 0.0890
5518.60 65.3488 0.1342
5518.62 65.5119 0.1147
5518.64 65.6243 0.0505
5518.66 65.4017 0.1139
5518.68 65.3779 0.0925
5518.70 65.5269 0.0753
5520.58 61.1820 0.2457
5520.60 61.3374 0.1373
5520.62 61.0527 0.1477
5520.64 61.3999 0.1790
5520.66 61.4887 0.2330
5520.68 61.4337 0.2298
5520.70 62.4696 0.2302
5531.46 64.8148 0.1055
5531.48 64.6588 0.0796
5531.50 64.7484 0.0953
5531.52 64.7984 0.1368
5531.54 64.9740 0.1006
5531.56 64.9999 0.1472
5531.58 65.3296 0.1341
5531.60 65.0384 0.0911
5531.62 65.1038 0.0853
5531.64 65.1601 0.0650
5531.66 64.9411 0.2286
5532.46 64.0356 0.1212
5532.48 64.1725 0.1107
5532.50 64.0215 0.1313
5532.52 63.9760 0.0839
5532.54 63.9638 0.0403
5532.56 64.0616 0.0730
5532.58 64.2140 0.0718
5543.44 53.9482 0.1538
5543.46 54.2967 0.1177
5543.48 54.2596 0.0540
5543.50 54.1122 0.0671
5543.52 54.3920 0.0953
5543.54 54.3911 0.1105
5543.56 54.4165 0.0529
5543.58 54.4609 0.0682
5543.60 54.2255 0.0795
5543.62 54.3701 0.0626
5543.64 54.3413 0.1375
5544.44 60.9552 0.0548
5544.46 60.8994 0.0755
5544.48 61.1161 0.1060
5544.50 60.9576 0.1172
5544.52 61.0465 0.2613
5544.54 60.9246 0.1608
5544.56 61.1986 0.0902
5544.58 61.5885 0.3069
5544.60 61.6469 0.4476
5544.62 61.0730 0.1928
5544.64 59.9445 0.4891
5553.40 65.4981 0.2845
5553.42 65.2991 0.1825
5553.44 64.8128 0.0823
5553.46 64.8384 0.1514
5553.48 65.1157 0.1949
5553.50 64.6494 0.1145
5553.52 64.9217 0.1114
5553.54 64.6638 0.1549
5553.56 64.6718 0.1275
5553.58 64.6646 0.1077
5553.60 64.5416 0.0793
5553.62 64.7376 0.1308
5554.40 64.6359 0.1233
5554.42 64.8860 0.1854
5554.44 64.7103 0.1448
5554.46 64.8205 0.1313
5554.48 64.8945 0.0711
5554.50 65.0141 0.0608
5554.52 64.8987 0.1003
5554.54 65.3057 0.0959
5554.56 64.8872 0.0969
5554.58 65.0505 0.1051
5554.60 64.8875 0.1193
5554.62 64.9154 0.1403
5556.40 64.2850 0.1494
5556.42 64.5000 0.0792
5556.44 64.6127 0.0990
5556.46 64.7365 0.1127
5556.48 64.7423 0.0802
5556.50 64.6662 0.0971
5556.52 64.7971 0.0659
5556.54 64.9602 0.1220
5556.56 65.0263 0.0868
5556.58 64.8553 0.3212
5557.40 64.6022 0.1065
5557.42 64.9165 0.0833
5557.44 64.9861 0.0348
5557.46 65.0297 0.0797
5557.48 65.5104 0.2556
5557.56 65.2415 0.1258
5558.40 64.3330 0.1307
5558.42 64.3724 0.2399
5558.44 64.2853 0.1282
5558.46 64.4143 0.1170
5558.48 64.4117 0.0989
5558.50 64.4600 0.0787
5558.52 64.7017 0.0967
5558.54 64.7535 0.0747
5558.56 64.7647 0.0720
5558.58 64.2252 0.3883
5558.60 64.8184 0.1298
5561.40 65.6325 0.0591
5561.42 65.5050 0.0646
5561.46 65.9240 0.1687
5562.38 65.2616 0.1102
5562.40 64.9905 0.0547
5562.42 65.3280 0.0648
5562.44 65.3116 0.1003
5562.46 65.3659 0.0876
5562.48 65.3393 0.1071
5562.50 65.3588 0.0416
5562.52 65.5034 0.0946
5562.54 65.3062 0.0705
5562.56 65.3984 0.1424
5562.58 65.1285 0.0605
5562.60 65.2942 0.1095
5563.38 65.1933 0.1634
5563.40 65.1904 0.1164
5563.42 65.9363 0.3444
5563.44 64.3550 0.5644
5563.46 66.2150 0.3146
5563.56 65.9361 0.2736
5563.58 65.2427 0.1489
5564.42 65.4940 0.1978
5564.44 65.2896 0.0664
5564.50 65.5152 0.1288
5564.52 65.5482 0.0902
5564.54 65.8773 0.0850
5564.56 65.5928 0.1101
5564.58 65.7511 0.1666
5565.46 66.0043 0.5092
5565.50 65.8961 0.1147
5565.52 66.6488 0.5365
5565.54 65.7229 0.0685
5565.56 65.2396 0.0972
5566.38 64.4737 0.2442
5566.40 65.0784 0.1221
5566.42 65.3315 0.1120
5566.44 65.3216 0.1255
5566.46 65.4782 0.0798
5566.48 65.0044 0.1011
5566.50 65.3606 0.1176
5566.52 65.1602 0.0769
5566.54 65.2386 0.1346
5566.56 65.1975 0.1543
5566.58 64.7625 0.3032
5567.36 64.3084 0.0321
5567.38 64.3761 0.0594
5567.42 64.4255 0.1209
5567.58 64.6097 0.2580
5568.36 64.7168 0.1782
5568.38 64.7092 0.0895
5568.40 64.6784 0.0937
5568.42 65.0122 0.0897
5568.44 65.1737 0.1058
5568.46 65.0032 0.1154
5568.48 65.1528 0.0512
5568.50 65.3708 0.0690
5568.52 65.3865 0.0883
5568.54 65.3173 0.0537
5568.56 65.2843 0.0529
5569.56 65.4042 0.3302
5570.36 64.7449 0.0799
5570.38 64.9760 0.1532
5570.40 64.9902 0.1264
5570.42 65.2216 0.1546
5571.36 64.8352 0.1052
5571.38 64.5930 0.1567
5571.40 64.4069 0.0639
5571.42 64.4447 0.1901
5571.44 64.4450 0.1282
5571.46 64.2200 0.0737
5571.48 64.3570 0.0980
5571.50 64.2844 0.0919
5571.52 64.2288 0.0374
5572.36 64.2810 0.1406
5572.38 64.3424 0.1255
5572.40 64.4498 0.1314
5572.42 64.4483 0.1287
5572.44 64.2378 0.1571
5572.46 64.4499 0.1592
5572.48 64.1876 0.1526
5572.50 64.2014 0.0891
5572.52 64.0983 0.0520
5572.54 64.1228 0.0752
5572.56 63.9252 0.0863
5573.34 63.2697 0.1641
5573.36 63.1998 0.0950
5573.38 63.4468 0.1381
5573.40 63.5465 0.1188
5573.42 63.5339 0.0507
5573.44 63.7100 0.0959
5573.46 64.1026 0.1341
5573.48 64.0816 0.1249
5573.50 63.9141 0.0727
5573.52 64.0882 0.0936
5573.54 64.0000 0.1338
5573.56 64.0459 0.1999
5574.34 64.6107 0.2474
5574.36 64.4355 0.1447
5574.38 64.7044 0.1157
5574.40 64.4804 0.1138
5574.42 64.6478 0.0926
5574.44 64.5954 0.1016
5574.46 64.5721 0.0577
5574.48 64.8407 0.1255
5574.50 64.8886 0.1235
5574.52 64.8520 0.1327
5574.54 65.0017 0.1503
5574.56 64.3466 0.2685
5575.34 64.6511 0.1817
5575.36 64.6103 0.2204
5575.38 64.8761 0.1044
5575.40 64.5858 0.5654
5575.42 65.0944 0.0549
5575.44 64.9997 0.2249
5575.46 65.4202 0.1620
5575.48 65.1415 0.0924
5575.50 65.0052 0.1467
5575.52 64.8419 0.1441
5575.54 64.7545 0.0983
5575.56 65.1488 0.0571
5576.34 65.1919 0.1141
5576.36 65.4344 0.1054
5576.38 65.4312 0.1132
5576.42 65.3475 0.1228
5576.44 65.4411 0.1249
5576.46 65.5684 0.1359
5576.48 65.7626 0.1483
5576.50 65.2926 0.0998
5576.52 65.1811 0.0849
5576.54 65.3462 0.1593
5580.32 63.6408 0.1071
5580.34 64.1534 0.2334
5580.36 63.9383 0.2058
5580.38 64.2667 0.1630
5580.40 64.2509 0.0637
5580.42 63.9219 0.1381
5580.44 64.2139 0.1270
5580.46 64.2721 0.1053
5580.48 64.5434 0.1000
5580.50 64.4950 0.1909
5580.52 64.3635 0.1215
5580.54 64.2838 0.2255
5581.32 63.4435 0.2942
5581.34 63.5548 0.1425
5581.36 63.8705 0.1740
5581.38 64.0139 0.1482
5581.40 64.1149 0.1005
5581.42 63.9027 0.2489
5581.44 63.9875 0.1435
5581.46 64.6731 0.0630
5581.50 64.0662 0.1157
5581.52 64.0780 0.0953
5581.54 64.1559 0.1629
5596.34 62.4816 0.1149
5596.36 62.6652 0.1644
5596.38 62.5405 0.0971
5596.40 62.7145 0.1340
5596.42 62.7136 0.0998
5596.44 62.7286 0.0969
5596.46 62.5077 0.1834
5597.34 64.4845 0.2985
5597.44 65.3834 0.4383
5597.46 63.8235 0.7258
5598.34 63.7879 0.0616
5598.36 63.6391 0.0843
5598.42 63.5969 0.1027
5598.44 63.8119 0.0868
5598.46 63.7360 0.1439
5598.48 64.0885 0.0971
6172.56 67.8125 0.3756
6172.58 68.4207 0.1751
6172.60 68.3788 0.2899
6172.62 69.4345 0.2074
6172.64 69.7883 0.2969
6172.66 70.6996 0.3273
6173.58 69.9915 0.0581
6173.60 68.6075 0.2573
6173.64 67.5117 0.3130
6175.56 65.0764 0.3398
6175.58 66.9687 0.3224
6175.60 66.1128 0.4700
6175.62 66.6052 0.1881
6175.64 67.7469 0.2136
6175.66 68.5390 0.3789
6178.54 67.5835 0.3601
6178.56 67.2148 0.3389
6178.58 68.0626 0.3060
6178.60 67.1471 0.2745
6178.62 67.1353 0.3381
6178.64 67.7830 0.2589
6178.66 66.6030 0.2064
6179.54 69.5335 0.3162
6179.56 67.9905 0.4813
6179.58 68.0395 0.3300
6179.60 69.0939 0.3961
6179.62 67.8848 0.2755
6179.64 68.0094 0.2362
6179.66 67.6262 0.4684
6181.50 65.6745 0.4700
6181.52 67.5733 0.3577
6181.54 66.6343 0.2660
6181.56 66.4300 0.1137
6181.58 67.6063 0.2268
6181.60 67.4760 0.2677
6181.62 67.5880 0.1901
6181.64 67.4114 0.1955
6181.66 68.1762 0.4900
6182.50 65.8319 0.4428
6182.52 66.2672 0.4181
6182.54 66.0678 0.1815
6182.56 66.2856 0.1760
6182.58 66.1216 0.2077
6182.60 66.5758 0.2201
6182.62 65.5442 0.2291
6182.64 66.3801 0.1798
6182.66 66.0057 0.3241
6186.50 64.7240 0.3286
6186.52 65.8242 0.2748
6186.54 65.1877 0.2436
6186.56 65.9015 0.2526
6186.58 66.3650 0.2931
6186.60 66.2079 0.2945
6186.62 66.1347 0.2813
6186.64 66.9158 0.2044
6186.66 66.6723 1.1110
6187.48 62.1735 0.3170
6187.50 63.6978 0.4820
6187.52 64.2176 0.1774
6187.54 66.0891 0.2347
6187.56 66.6318 0.2705
6187.58 67.3110 0.2276
6187.60 66.9330 0.1784
6188.48 66.9366 0.2847
6188.50 66.8762 0.1477
6188.52 67.4531 0.2823
6188.54 67.1910 0.1800
6188.56 68.3324 0.2834
6188.58 69.1357 0.2104
6188.60 69.5600 0.2389
6188.62 69.2406 0.2125
6188.64 70.5201 0.1342
6190.48 67.7115 0.3476
6190.50 67.1694 0.2363
6190.52 67.2255 0.2072
6190.54 66.8239 0.2467
6190.56 67.5985 0.1316
6190.58 66.9993 0.1821
6190.60 66.9792 0.1603
6190.62 66.7298 0.1783
6190.64 67.4306 0.1874
6193.48 68.0721 0.4236
6195.50 64.1760 0.3412
6195.52 66.0486 0.3226
6195.54 65.2133 0.1833
6195.56 65.1937 0.4278
6195.58 65.6054 0.1944
6195.60 65.7977 0.1796
6195.62 66.0458 0.1692
6195.64 66.2082 0.2205
6196.46 66.0677 0.8794
6196.52 67.5071 0.6681
6196.54 66.5072 0.2928
6196.56 66.2287 0.2257
6200.60 67.2348 0.1352
6200.62 66.4171 0.2671
6201.56 66.2994 0.2073
6201.58 65.4064 0.2426
6201.64 64.1582 0.3101
6202.54 68.9264 0.4757
6202.56 69.1260 0.3104
6205.48 71.4494 0.3818
6211.46 68.5307 0.3800
6211.48 68.3535 0.2486
6211.50 68.4722 0.2574
6211.52 68.4817 0.2263
6211.54 68.4215 0.2307
6211.56 69.1429 0.1202
6211.58 69.4759 0.1901
6211.60 69.0871 0.1645
6212.46 67.4832 0.2438
6212.48 68.3379 0.3110
6212.50 67.7531 0.1334
6212.52 67.6497 0.1618
6212.54 67.7182 0.2358
6212.56 67.6842 0.2008
6212.58 68.0709 0.1795
6212.60 68.3286 0.1831
6212.62 67.9550 0.1860
6213.44 67.7041 0.2734
6213.46 67.5501 0.2690
6213.48 67.3248 0.2145
6213.50 67.3557 0.2826
6213.52 66.7913 0.1466
6213.54 66.9045 0.2057
6213.56 66.9796 0.1817
6213.58 66.6671 0.1614
6213.60 66.7932 0.1760
6213.62 66.4248 0.2051
6214.42 67.2585 0.2929
6214.44 67.8516 0.2172
6214.46 67.2705 0.2028
6214.48 67.6452 0.2447
6214.50 67.1129 0.3140
6214.52 67.3563 0.2123
6214.54 67.1242 0.1961
6214.56 66.8804 0.2442
6214.58 67.0221 0.1526
6214.60 66.8242 0.1739
6214.62 67.0695 0.1939
6224.38 68.0598 0.9279
6224.40 66.0967 0.2581
6224.42 68.0467 0.3483
6225.44 67.6660 0.2411
6225.46 67.5759 0.2609
6225.48 67.2948 0.1871
6225.50 66.3643 0.2503
6225.52 66.8836 0.1482
6225.54 66.6885 0.2712
6225.56 66.8046 0.1621
6225.58 67.0782 0.1786
6225.60 66.4438 0.1651
6225.62 66.5836 0.2169
6226.40 68.4886 0.6402
6226.44 67.5798 0.2887
6228.48 67.2277 0.5756
6228.50 67.0604 0.2956
6228.52 65.4483 0.6026
6228.54 65.2133 0.2454
6228.56 66.4185 0.2445
6228.58 66.7073 0.3032
6228.60 66.3699 0.2236
6228.62 66.7195 0.2504
6229.58 67.0569 0.2681
6229.60 66.7899 0.2672
6229.62 66.1134 0.2029
6235.60 71.9402 0.3413
6239.36 68.7169 0.2425
6239.38 67.7939 0.2058
6239.40 67.3758 0.3208
6239.42 67.9263 0.2478
6239.44 67.6887 0.1842
6239.46 67.8126 0.2499
6239.48 67.3794 0.3112
6239.52 68.3208 0.2139
6240.50 68.7193 0.1559
6240.52 69.1946 0.1428
6241.34 66.0264 0.4860
6241.36 65.5916 0.2689
6241.38 65.7064 0.2184
6241.40 65.4949 0.1862
6241.42 65.9480 0.3042
6241.44 65.8816 0.1897
6241.46 65.4824 0.2284
6241.48 65.5973 0.1784
6241.50 66.7562 0.1423
6241.52 66.6554 0.2138
6241.54 66.7675 0.1582
6241.56 66.5503 0.1402
6241.58 67.4218 0.1035
6241.60 67.8230 0.1129
6242.34 65.8595 0.3887
6242.36 65.7261 0.3233
6242.38 65.2331 0.2214
6242.40 65.9972 0.2407
6242.42 65.8316 0.2062
6242.44 65.8367 0.2159
6242.46 66.3308 0.1212
6242.48 66.1482 0.1232
6242.50 66.6374 0.1747
6242.52 66.9702 0.1691
6242.54 66.7287 0.1611
6242.56 67.2232 0.2026
6242.58 66.7294 0.1480
6242.60 67.0407 0.1765
6243.36 68.8589 0.3213
6243.38 67.8872 0.3736
6243.40 67.9950 0.3856
6243.48 67.0816 0.6232
6243.50 67.7972 0.3335
6243.52 67.5270 0.1845
6243.54 67.5202 0.1528
6243.56 67.3847 0.1564
6243.58 67.4534 0.1376
6245.34 67.0141 0.1854
6245.36 67.1913 0.2463
6245.38 66.7145 0.1727
6245.40 67.1175 0.2700
6245.42 67.6382 0.1518
6245.44 66.7078 0.1740
6245.46 66.8207 0.1672
6245.48 66.9482 0.1733
6245.50 66.9600 0.2650
6246.32 66.2853 0.5817
6246.34 66.3581 0.3733
6246.36 66.4894 0.3201
6246.38 66.7753 0.4141
6246.50 67.3324 0.2158
6246.52 66.6186 0.1459
6246.54 66.5601 0.1873
6246.56 66.9863 0.1533
6246.58 67.2119 0.1166
6246.60 67.2912 0.1847
6247.44 67.5098 0.3888
6247.46 67.7125 0.2402
6247.48 68.0067 0.2239
6248.32 68.8647 0.2729
6248.34 67.5028 0.2323
6248.36 67.3210 0.4037
6248.38 66.4776 0.2508
6248.40 67.2210 0.3400
6248.42 66.9273 0.1517
6248.44 67.2375 0.2026
6248.46 67.4507 0.2196
6248.48 67.3564 0.2017
6248.50 67.8305 0.1801
6248.52 67.2248 0.1556
6248.54 67.8433 0.1636
6248.56 68.0031 0.1375
6248.58 68.3503 0.1353
6248.60 68.5562 0.1655
6249.36 67.6484 0.1827
6249.38 66.8954 0.1915
6249.40 67.1859 0.2755
6249.42 67.3628 0.2164
6249.44 67.7130 0.1586
6249.46 67.8849 0.1441
6249.48 67.7587 0.2017
6249.50 68.0492 0.1604
6249.52 68.3361 0.1734
6249.56 68.5266 0.2325
6249.58 69.0642 0.1388
6249.60 68.4702 0.1571
6250.44 66.6895 0.2868
6250.46 66.9026 0.1966
6250.48 66.7886 0.1935
6250.50 67.5766 0.1293
6250.52 67.7652 0.1620
6250.54 67.6265 0.1477
6250.56 67.3660 0.1479
6250.58 67.2193 0.1605
6251.34 67.2382 0.2903
6251.36 66.8596 0.2874
6251.38 67.0558 0.2147
6251.40 66.3884 0.2084
6251.42 67.2403 0.2214
6251.44 66.9884 0.2111
6251.46 67.3813 0.1851
6251.48 66.5461 0.2340
6251.50 66.4757 0.1763
6251.52 67.0870 0.1928
6251.54 67.0524 0.1727
6251.56 67.4300 0.0972
6251.58 67.3511 0.1057
6251.60 67.6491 0.1756
6252.36 69.1645 0.4107
6253.34 67.7860 0.4345
6253.36 67.7548 0.2341
6253.38 67.1234 0.3241
6253.40 67.7859 0.2359
6253.42 67.4206 0.3652
6253.44 68.7673 0.1650
6253.46 68.4153 0.1706
6253.48 68.4545 0.1809
6253.50 68.5637 0.1490
6253.52 68.6994 0.1035
6253.54 68.7809 0.1826
6253.56 69.2407 0.2518
6253.58 69.0078 0.1541
6254.30 68.3326 0.1722
6254.32 66.0140 0.4004
6254.36 67.0716 0.4650
6254.38 66.7543 0.3975
6254.40 66.5823 0.5488
6254.42 67.5212 0.2210
6254.44 67.7265 0.3293
6254.46 67.7386 0.3334
6254.48 67.8784 0.5568
6254.56 68.6865 0.1505
6254.58 68.7228 0.1149
6254.60 68.5231 0.1642
6255.36 67.7573 0.4003
6255.38 67.0434 0.3141
6255.40 68.0856 0.3235
6255.42 67.3049 0.3043
6255.44 67.4359 0.3391
6255.46 67.8284 0.2259
6255.48 67.5117 0.2090
6255.50 67.8717 0.2153
6255.52 68.2595 0.1982
6255.54 67.7200 0.1981
6255.56 68.4415 0.1343
6255.58 68.6032 0.1465
6255.60 69.0034 0.1574
6256.56 68.0254 0.1787
6256.58 68.0951 0.1610
6256.60 68.4587 0.2326
6257.34 68.0956 0.2003
6257.44 67.6945 0.3133
6257.46 68.1085 0.3586
6257.48 68.5429 0.3122
6257.50 68.6551 0.2757
6257.52 69.4408 0.2758
6257.54 69.2852 0.2211
6257.56 68.9049 0.1872
6257.58 69.1560 0.1561
6257.60 69.2522 0.2491
6258.38 67.0553 0.4357
6258.40 67.4387 0.3471
6258.42 66.0159 0.4112
6258.44 66.5472 0.3680
6258.46 67.2870 0.4239
6258.48 67.8577 0.2417
6264.32 68.8986 0.3046
6264.34 68.2842 0.2440
6264.36 68.3934 0.1826
6264.38 68.0489 0.1506
6264.40 66.9451 0.2806
6264.42 67.1657 0.2538
6264.44 67.2296 0.5562
6264.56 67.3577 0.4343
6265.28 65.9770 0.2786
6265.30 66.0668 0.2111
6265.32 65.5963 0.2315
6265.34 66.0039 0.2633
6265.42 66.3499 0.1969
6265.44 67.0319 0.2223
6265.52 67.0316 1.7284
6268.28 67.3831 0.3639
6268.30 66.2337 0.2749
6268.32 65.9209 0.2139
6268.34 65.8990 0.2888
6268.36 66.2715 0.2910
6268.38 65.9362 0.1927
6268.40 66.9575 0.2813
6268.42 65.7849 0.1789
6268.44 65.9728 0.1905
6268.46 65.8312 0.1185
6268.48 66.2825 0.2268
6268.50 66.4764 0.1772
6268.52 67.0291 0.1071
6268.54 66.4781 0.1254
6268.56 66.9815 0.1233
6268.58 66.6623 0.1547
6268.60 67.1791 0.2724
6269.28 66.4091 0.8323
6269.30 65.9845 0.1630
6269.32 65.8669 0.2497
6269.34 66.1006 0.2295
6269.36 65.7654 0.2321
6269.38 65.3757 0.1999
6269.42 66.3779 0.1923
6269.44 66.2243 0.1456
6269.46 66.0475 0.1931
6270.28 66.1526 0.3590
6270.30 64.7987 0.1886
6270.32 66.3214 0.2365
6270.34 65.6908 0.2190
6270.36 65.5551 0.3109
6270.38 65.7014 0.1995
6270.40 66.0696 0.1697
6270.42 66.3170 0.1688
6273.28 67.5061 0.3865
6273.30 66.3906 0.2104
6273.32 66.8801 0.1929
6273.34 66.3525 0.1904
6273.36 66.4098 0.1388
6273.38 66.7822 0.1727
6273.40 67.2244 0.2016
6273.42 67.0094 0.2166
6273.44 67.5514 0.2304
6281.30 67.9340 0.2684
6281.32 67.3031 0.2345
6281.34 67.8637 0.1692
6281.36 67.9771 0.2428
6281.38 67.7413 0.2215
6281.40 68.1561 0.1290
6281.42 68.1227 0.1661
6281.44 68.0405 0.1622
6281.46 67.8576 0.1581
6281.48 67.6642 0.1546
6281.50 67.3491 0.3792
6281.52 67.6874 0.1211
6282.30 68.0583 0.1884
6282.32 68.1537 0.2031
6282.34 67.6472 0.2403
6282.36 67.6627 0.2279
6282.38 67.2955 0.2836
6282.40 68.0806 0.1632
6282.42 68.9530 0.4623
6282.44 68.3148 0.2084
6282.52 68.3613 0.1706
6282.54 68.2227 0.1637
6282.56 67.8495 0.1583
6293.30 67.1626 0.1582
6293.32 67.0890 0.1106
6293.34 67.5578 0.3953
6294.30 67.9786 0.1393
6294.32 67.8493 0.1352
6294.34 68.3280 0.1197
6294.36 68.3211 0.1585
6294.38 68.5448 0.2871
6295.30 67.7687 0.1301
6295.32 67.7854 0.1242
6295.34 67.5954 0.1292
6295.36 67.7657 0.1455
6295.38 67.7180 0.1799
6295.40 68.2573 0.1838
6295.42 68.6441 0.1703
6295.44 68.1835 0.1281
6295.46 68.1437 0.1481
6295.48 68.1160 0.2046
6295.50 68.8953 0.1376
6295.52 68.8011 0.1736
6295.54 68.5649 0.5731
6296.30 69.2739 0.2280
6296.32 69.5614 0.1790
6296.34 69.9732 0.1625
6296.36 69.2134 0.1953
6296.38 69.4924 0.1722
6296.40 69.9414 0.1588
6296.42 70.2861 0.1309
6296.44 69.4849 0.1091
6296.46 69.8000 0.3156
6296.48 69.7784 0.2046
6297.30 68.6437 0.1564
6297.32 68.3161 0.1168
6297.34 68.5285 0.1257
6297.36 68.2888 0.1215
6297.38 68.4899 0.1217
6297.40 68.2104 0.1170
6297.42 68.4303 0.1443
6297.44 69.0821 0.1246
6297.46 69.0033 0.1326
6297.48 69.0785 0.1409
6297.50 69.3766 0.1674
6297.52 68.8397 0.1449
6298.30 68.0448 0.1755
6298.32 68.2740 0.0997
6298.34 68.1168 0.1114
6298.36 68.1506 0.0973
6298.38 67.9090 0.0940
6298.40 67.6269 0.1135
6298.42 67.8464 0.1265
6298.44 67.3655 0.1377
6298.46 67.9858 0.1691
6298.48 68.1774 0.2073
6298.50 67.2596 0.1667
6298.52 67.8351 0.2503
6299.30 67.7304 0.1507
6299.32 67.9768 0.1284
6299.34 68.3231 0.1032
6299.36 68.1270 0.1053
6299.38 68.2877 0.1072
6299.40 68.2828 0.1038
6299.42 67.9896 0.1200
6299.44 68.2773 0.1423
6299.46 68.5888 0.2328
6299.48 68.2030 0.1546
6299.50 68.3468 0.2666
6299.52 67.6959 0.2355
6300.38 67.1868 0.1044
6300.40 66.8730 0.1653
6300.42 66.8275 0.1420
6300.44 67.4866 0.1421
6300.46 66.8360 0.1489
6300.48 66.6593 0.1813
6300.50 66.5539 0.2290
6300.52 67.1510 0.1845
6301.30 68.5896 0.1397
6301.32 68.2609 0.1349
6301.34 68.2209 0.1164
6301.36 68.2361 0.1148
6301.38 68.5313 0.1256
6301.40 68.4813 0.1024
6301.42 68.8475 0.1024
6301.44 68.9148 0.1015
6301.46 68.9538 0.2194
6301.48 69.0132 0.2424
6301.50 68.4583 0.1469
6301.52 68.4100 0.3783
6302.30 70.3787 0.1954
6303.30 66.9141 0.1452
6303.32 67.0150 0.1398
6303.34 67.3236 0.1240
6303.36 67.6699 0.1087
6303.38 68.0661 0.1190
6303.40 68.3271 0.1367
6304.30 68.4109 0.1889
6304.32 68.8970 0.1170
6304.34 68.5855 0.1236
6304.36 68.3351 0.1536
6304.38 68.8145 0.1366
6304.40 68.7218 0.1267
6304.42 69.0289 0.1514
6304.44 69.1290 0.1636
6304.46 69.0110 0.1715
6304.48 68.8487 0.1603
6304.50 69.1599 0.3676
6305.30 67.8598 0.1337
6305.32 67.5743 0.1060
6305.34 67.5081 0.1041
6305.36 67.4232 0.1397
6305.38 67.9208 0.1185
6305.40 67.8148 0.0878
6305.42 67.9021 0.1531
6305.44 68.3835 0.1536
6305.46 68.3546 0.2230
6305.48 67.7209 0.2307
6305.50 68.3278 0.1717
6306.30 67.7120 0.2164
6306.34 66.8718 0.1741
6306.36 67.3149 0.1267
6306.38 67.1046 0.1323
6306.40 66.8901 0.1075
6306.42 67.1864 0.1381
6306.44 67.5040 0.2057
6306.46 67.8669 0.2941
6306.48 67.2563 0.2643
6306.50 68.1064 0.1734
6307.28 67.9909 1.0864
6307.30 67.3109 0.1660
6307.32 66.9354 0.1026
6307.34 67.6115 0.1180
6307.36 67.9353 0.0980
6307.38 67.4519 0.1528
6307.40 67.9003 0.1457
6307.42 68.3550 0.1481
6307.44 68.3391 0.1904
6307.46 68.7760 0.2282
6307.48 68.6974 0.2066
6307.50 69.1718 0.2062
6308.28 67.4921 0.7947
6308.30 67.4888 0.1731
6308.32 67.0696 0.1335
6308.34 67.6095 0.1127
6308.36 67.4805 0.0985
6308.38 66.6220 0.1050
6308.40 67.3299 0.1284
6308.42 67.0981 0.1689
6308.44 67.6494 0.2116
6308.46 66.9643 0.1979
6308.48 67.6373 0.1886
6309.30 64.7727 0.1729
6309.32 64.4366 0.4535
6312.28 69.1511 0.2079
6312.32 68.2411 0.2206
6312.34 68.1378 0.1893
6312.36 67.9664 0.3188
6312.48 66.9650 0.2547
6313.36 67.9422 0.2086
6313.38 68.4388 0.5674
6314.30 68.7326 0.2020
6314.32 68.1337 0.1841
6314.34 69.4853 0.1890
6314.36 70.2347 0.2257
6314.38 70.6820 0.1644
6314.40 69.9269 0.2696
6314.42 70.4779 0.4343
6314.44 71.6689 0.2828
6314.46 71.5001 0.3287
6314.48 72.2740 0.3807
6315.28 66.7617 0.3742
6315.30 67.2052 0.1705
6315.32 67.7199 0.3384
6315.40 68.6292 0.3244
6315.42 68.3683 0.3918
6315.44 68.7436 0.2983
6317.44 66.6670 0.2786
6319.40 67.7714 0.4355
6320.28 69.2205 0.4143
6320.30 69.0583 0.2358
6320.32 68.8325 0.3095
6320.36 68.5821 0.2597
6320.38 68.9985 0.2779
6320.40 69.2028 0.3207
6321.28 67.8968 0.2822
6321.30 67.6774 0.2117
6321.32 66.8058 0.4108
6321.36 68.6015 0.2591
6321.38 69.4113 0.1521
6321.40 68.2009 0.3398
6321.46 70.2061 0.4812
6322.28 68.3912 0.2041
6322.30 68.7939 0.2276
6322.32 68.8416 0.2105
6322.34 68.0455 0.2910
6323.28 68.5623 0.1918
6323.30 68.4508 0.1200
6323.32 68.9909 0.1648
6323.34 70.8613 0.1308
6324.28 69.3084 0.2937
6324.34 68.7149 0.1213
6324.36 68.9333 0.1696
6324.38 68.9254 0.1331
6324.40 68.8347 0.2269
6324.42 68.0269 0.1823
6324.44 68.8723 0.1603
6324.46 68.3600 0.3171
6325.28 68.0139 0.1848
6325.30 68.0289 0.0959
6325.32 67.7512 0.1311
6325.34 68.4717 0.1597
6325.36 68.3345 0.1524
6325.38 67.9221 0.2112
6325.40 68.8174 0.1509
6325.42 67.9579 0.1887
6325.44 67.8020 0.1971
6326.28 67.7978 0.2670
6326.30 67.1912 0.1566
6326.32 67.9470 0.1290
6326.34 67.4650 0.1257
6326.36 67.6889 0.1407
6326.38 67.5472 0.1728
6326.40 68.2231 0.2106
6326.42 67.3332 0.2705
6326.44 68.1608 0.2702
6345.26 66.7297 0.3334
6345.28 66.7118 0.2485
6345.30 67.3198 0.1748
6345.32 66.5121 0.2517
6345.34 65.8968 0.3468
6345.36 65.3574 0.3084
6345.38 65.7353 0.3700
6346.28 64.4636 0.2103
6346.30 65.8158 0.2183
6347.26 64.1694 0.4204
6347.28 65.8314 0.2032
6347.30 65.4876 0.2398
